1.4979172 0.4101231 -0.5026618 -0.5066813 0.4199745 0.3980083 -0.5035820 -0.5075181
0.4101231 1.5145323 -0.5090279 -0.5129945 0.4232327 0.4027593 -0.5100091 -0.5137946
-0.5026618 -0.5090279 0.8290941 0.3656114 -0.5606465 -0.5002372 0.3666303 0.3661636
-0.5066813 -0.5129945 0.3656114 0.8405120 -0.5643360 -0.5041581 0.3649337 0.3648560
0.4199745 0.4232327 -0.5606465 -0.5643360 1.6901605 0.4158303 -0.5618708 -0.5652343
0.3980083 0.4027593 -0.5002372 -0.5041581 0.4158303 1.4938035 -0.5014152 -0.5050505
-0.5035820 -0.5100091 0.3666303 0.3649337 -0.5618708 -0.5014152 0.8299045 0.3656544
-0.5075181 -0.5137946 0.3661636 0.3648560 -0.5652343 -0.5050505 0.3656544 0.8401977
