1.1916156 -0.4196447 -0.4295197 -0.4284345 -0.4301417 -0.2802698 -0.4324389 -0.2070336 -0.4220290 -0.4204631 -0.4212323 -0.4178328 -0.4233303 -0.4242947 -0.4223605 -0.4373955 -0.4375975 -0.4360480 -0.2678533 -0.4105080 0.8900414 -0.4306045 0.8630353 -0.2082010 0.8650507 0.8889917 0.8637213 0.8882374 0.8897802 -0.2724306 -0.4323017 -0.4283257 0.8651311 0.8631241 0.8657713 -0.3981575 -0.4011591 -0.4364764 -0.4388666 -0.2796980 -0.2819202 -0.2822878 -0.2814830 -0.2824506 -0.2815610 -0.4376121 0.8839597 0.8870714 0.8931426 0.8857263 0.8896550 -0.4266914 -0.4267581 -0.4308183 -0.2564995 -0.2601003 -0.4293491 -0.2523509 -0.4388850 -0.4363310 -0.4327097 -0.2550965 -0.2510366 -0.2511704 -0.4260681 -0.4324637 -0.4324905 -0.4313546 -0.4315162 -0.4326251 -0.4313151 -0.2709619 -0.2708165 -0.2464499 -0.4323272 -0.4409883 -0.4395353 -0.4348004 0.8635656 0.8664634 0.8670648 0.8663893 -0.4383677 -0.4373359 -0.4274068 0.8696675 -0.4192736 -0.4219086 0.8656946 0.8655693 0.8618504 -0.4245943 -0.4257567 -0.4225250 -0.4238299 0.8673841 -0.4200698 -0.4382306 0.8673352 -0.2123721 0.8657125 0.8657044 0.8651832 -0.2488788 -0.2483460 -0.2528854 -0.4101672 -0.4187840 -0.4244016 -0.2071027 -0.4210548 -0.4086023 -0.4114869 -0.4235436 -0.4198183 0.8857297 0.8670995 0.8663253 0.8650088 0.8635618 0.8847651
-0.4196447 1.1247649 0.3833380 0.3864484 0.3893217 -0.2811235 0.3446434 0.0890346 0.3309204 0.3292466 0.3316948 0.3270757 0.3317204 0.3326402 0.3299423 0.3222645 0.3172015 0.3152746 -0.2724038 0.3221137 -0.4200242 0.3242194 -0.4226417 0.0885310 -0.4225673 -0.4197702 -0.4220178 -0.4197291 -0.4200598 -0.2715735 0.3148635 0.3126380 -0.4221831 -0.4218322 -0.4217586 0.2899705 0.2954541 0.3166568 0.3196332 -0.2820944 -0.2822914 -0.2828280 -0.2812814 -0.2824324 -0.2811870 0.3229548 -0.4190360 -0.4195621 -0.4206850 -0.4195462 -0.4199726 0.3258425 0.3236400 0.3096112 -0.2547691 -0.2610527 0.3106124 -0.2467512 0.3249222 0.3212789 0.3223171 -0.2447320 -0.2454148 -0.2467081 0.3171030 0.3249325 0.3202725 0.3216864 0.3207040 0.3201368 0.3082394 -0.2737920 -0.2677704 -0.2490052 0.3145427 0.3235813 0.3284648 0.3316954 -0.4222768 -0.4224521 -0.4220622 -0.4229160 0.3299655 0.3233602 0.3100298 -0.4216979 0.3127180 0.3109961 -0.4217191 -0.4221224 -0.4206772 0.3211660 0.3102231 0.3137830 0.3132267 -0.4223112 0.3165890 0.3124509 -0.4221890 0.0887819 -0.4219171 -0.4210291 -0.4213519 -0.2485771 -0.2482789 -0.2463936 0.3165022 0.3076241 0.3090561 0.0888216 0.3199312 0.3228738 0.3315664 0.3264493 0.3389296 -0.4191516 -0.4216677 -0.4218827 -0.4219920 -0.4219557 -0.4189761
-0.4295197 0.3833380 1.1353831 0.4025939 0.4144381 -0.2855220 0.3568296 0.0839893 0.3363623 0.3363675 0.3371300 0.3367204 0.3322139 0.3412420 0.3358435 0.3344465 0.3244952 0.3194717 -0.2787376 0.3234189 -0.4300481 0.3256083 -0.4324623 0.0834237 -0.4325563 -0.4297934 -0.4321043 -0.4298321 -0.4298817 -0.2777455 0.3128494 0.3145423 -0.4319778 -0.4319110 -0.4321266 0.2949348 0.2985989 0.3167173 0.3223927 -0.2884037 -0.2878609 -0.2875400 -0.2872555 -0.2873679 -0.2873487 0.3309858 -0.4291328 -0.4296863 -0.4303434 -0.4295708 -0.4298984 0.3314624 0.3400741 0.3200249 -0.2616061 -0.2677065 0.3163489 -0.2536413 0.3328418 0.3280370 0.3320519 -0.2510963 -0.2520923 -0.2540233 0.3245498 0.3377115 0.3257397 0.3320123 0.3262179 0.3285245 0.3174047 -0.2797708 -0.2747420 -0.2559061 0.3293156 0.3350239 0.3340364 0.3369725 -0.4324035 -0.4325854 -0.4323166 -0.4328530 0.3419560 0.3317389 0.3190326 -0.4313268 0.3165913 0.3213988 -0.4311566 -0.4319302 -0.4308415 0.3353231 0.3133910 0.3264297 0.3222358 -0.4318723 0.3284159 0.3228801 -0.4318742 0.0892595 -0.4313117 -0.4309306 -0.4311883 -0.2557215 -0.2546654 -0.2534025 0.3226832 0.3147722 0.3111426 0.0836289 0.3232322 0.3364595 0.3448411 0.3353748 0.3475325 -0.4295910 -0.4316167 -0.4315593 -0.4319475 -0.4322187 -0.4291521
-0.4284345 0.3864484 0.4025939 1.1258067 0.4032657 -0.2851932 0.3513041 0.0868538 0.3345654 0.3342558 0.3379281 0.3338018 0.3347134 0.3401469 0.3364891 0.3339918 0.3256139 0.3216784 -0.2767694 0.3290359 -0.4289837 0.3292035 -0.4313964 0.0875505 -0.4314945 -0.4284476 -0.4311934 -0.4285495 -0.4288113 -0.2758406 0.3204820 0.3119420 -0.4311230 -0.4308041 -0.4310045 0.2936827 0.2967418 0.3238651 0.3260916 -0.2863303 -0.2866682 -0.2869389 -0.2856345 -0.2866831 -0.2855043 0.3359787 -0.4280937 -0.4284029 -0.4296334 -0.4281698 -0.4289385 0.3234538 0.3255059 0.3103093 -0.2594488 -0.2658228 0.3189360 -0.2511876 0.3360880 0.3334545 0.3316999 -0.2488327 -0.2498546 -0.2514444 0.3232430 0.3334211 0.3305790 0.3353179 0.3274308 0.3321888 0.3156995 -0.2790354 -0.2724809 -0.2538119 0.3277715 0.3336974 0.3356008 0.3331875 -0.4313106 -0.4313155 -0.4312125 -0.4316809 0.3352552 0.3341492 0.3159935 -0.4306478 0.3146643 0.3144283 -0.4305148 -0.4308121 -0.4295778 0.3245148 0.3140766 0.3229135 0.3211769 -0.4312200 0.3206477 0.3182257 -0.4311443 0.0896892 -0.4304272 -0.4301588 -0.4301265 -0.2531376 -0.2530536 -0.2508273 0.3217821 0.3097611 0.3114360 0.0865823 0.3249528 0.3311746 0.3357717 0.3315551 0.3450720 -0.4279180 -0.4305270 -0.4307986 -0.4309959 -0.4309427 -0.4276936
-0.4301417 0.3893217 0.4144381 0.4032657 1.1409525 -0.2855049 0.3583016 0.0887708 0.3379001 0.3349034 0.3351662 0.3328585 0.3364817 0.3436326 0.3366812 0.3331096 0.3229579 0.3189397 -0.2756931 0.3276847 -0.4299389 0.3310725 -0.4326217 0.0892403 -0.4325716 -0.4299223 -0.4321296 -0.4298332 -0.4304058 -0.2747667 0.3203018 0.3158559 -0.4323988 -0.4320325 -0.4320390 0.2955007 0.2960404 0.3225704 0.3255211 -0.2853139 -0.2860774 -0.2866508 -0.2848487 -0.2863809 -0.2847416 0.3290097 -0.4292628 -0.4300360 -0.4308177 -0.4294835 -0.4304848 0.3270156 0.3263862 0.3126997 -0.2596818 -0.2660253 0.3186461 -0.2502490 0.3338631 0.3291608 0.3292007 -0.2483962 -0.2496745 -0.2513038 0.3248337 0.3348423 0.3299342 0.3312155 0.3254097 0.3270418 0.3168504 -0.2787380 -0.2723699 -0.2538480 0.3241015 0.3348245 0.3415741 0.3422239 -0.4323119 -0.4325574 -0.4324816 -0.4331529 0.3430705 0.3332689 0.3115315 -0.4321114 0.3094464 0.3128353 -0.4320582 -0.4323756 -0.4308603 0.3245445 0.3107334 0.3219425 0.3171643 -0.4326264 0.3213256 0.3151344 -0.4327853 0.0886832 -0.4321744 -0.4315824 -0.4317889 -0.2530466 -0.2527839 -0.2500973 0.3234623 0.3081458 0.3118767 0.0874059 0.3247177 0.3333674 0.3422014 0.3359474 0.3509901 -0.4292306 -0.4318984 -0.4321234 -0.4320956 -0.4320600 -0.4291970
-0.2802698 -0.2811235 -0.2855220 -0.2851932 -0.2855049 2.9415877 -0.2875592 -0.0586133 -0.2752766 -0.2786286 -0.2797779 -0.2763115 -0.2814006 -0.2814662 -0.2793114 -0.2927910 -0.2935686 -0.2927079 2.4947891 -0.2718745 -0.2802139 -0.2930720 -0.2836214 -0.0569243 -0.2828499 -0.2803141 -0.2827141 -0.2799405 -0.2801711 2.5036938 -0.2898716 -0.2878805 -0.2832087 -0.2822639 -0.2824951 -0.2891478 -0.2904559 -0.2908779 -0.2942150 2.6463113 2.6551816 2.6600635 2.6486013 2.6583481 2.6484814 -0.2920316 -0.2797326 -0.2801038 -0.2808199 -0.2798374 -0.2800896 -0.2889686 -0.2902189 -0.2904316 0.4860244 0.6817968 -0.2882859 0.1842858 -0.2936276 -0.2935983 -0.2850952 0.1825812 0.1850948 0.1849110 -0.2877363 -0.2913120 -0.2925832 -0.2921171 -0.2933152 -0.2931193 -0.2901679 2.5142024 0.8702972 0.2550322 -0.2918014 -0.2926305 -0.2933837 -0.2901548 -0.2824771 -0.2830411 -0.2832586 -0.2832465 -0.2920348 -0.2921733 -0.2913942 -0.2826624 -0.2851530 -0.2879136 -0.2825979 -0.2829549 -0.2814398 -0.2902470 -0.2898631 -0.2880606 -0.2898140 -0.2838901 -0.2893217 -0.2916965 -0.2832678 -0.0575537 -0.2827902 -0.2821889 -0.2821590 0.1866985 0.1862534 0.1810905 -0.2757586 -0.2885502 -0.2895569 -0.0588071 -0.2888852 -0.2822011 -0.2827145 -0.2874060 -0.2837100 -0.2794555 -0.2825995 -0.2825876 -0.2824554 -0.2827753 -0.2792878
-0.4324389 0.3446434 0.3568296 0.3513041 0.3583016 -0.2875592 1.1396620 0.0870469 0.3252277 0.3223019 0.3240696 0.3241370 0.3273469 0.3320189 0.3273984 0.3398582 0.3227769 0.3251812 -0.2784596 0.3216390 -0.4326271 0.3360107 -0.4354887 0.0875731 -0.4353606 -0.4328000 -0.4349467 -0.4323814 -0.4328569 -0.2771799 0.3211620 0.3112363 -0.4351774 -0.4347987 -0.4348050 0.2955018 0.2975360 0.3237660 0.3286749 -0.2880839 -0.2880388 -0.2884470 -0.2872375 -0.2883517 -0.2871854 0.3401015 -0.4320753 -0.4324664 -0.4335039 -0.4324071 -0.4330422 0.3411584 0.3461671 0.3138758 -0.2609110 -0.2676940 0.3161551 -0.2524854 0.3424694 0.3371328 0.3410948 -0.2503312 -0.2510354 -0.2529184 0.3331688 0.3449661 0.3339471 0.3361563 0.3380131 0.3368934 0.3129915 -0.2806544 -0.2744205 -0.2557708 0.3338038 0.3448194 0.3562883 0.3521489 -0.4352534 -0.4352009 -0.4351180 -0.4357637 0.3556237 0.3514132 0.3153051 -0.4345155 0.3127860 0.3137163 -0.4343693 -0.4348538 -0.4336433 0.3389329 0.3134115 0.3287038 0.3197187 -0.4351418 0.3363276 0.3199453 -0.4349943 0.0890518 -0.4346907 -0.4342718 -0.4342966 -0.2545666 -0.2543980 -0.2519354 0.3232734 0.3076720 0.3097437 0.0860584 0.3362156 0.3580032 0.3698734 0.3588859 0.3841289 -0.4321620 -0.4343983 -0.4348131 -0.4350506 -0.4348688 -0.4317165
-0.2070336 0.0890346 0.0839893 0.0868538 0.0887708 -0.0586133 0.0870469 1.2133322 0.0915413 0.0924734 0.0935241 0.0931305 0.0921790 0.0932318 0.0926808 0.0728078 0.0726644 0.0735418 -0.0481809 0.0950224 -0.2066944 0.0722706 -0.2096692 0.8389370 -0.2095308 -0.2064282 -0.2094881 -0.2070446 -0.2066296 -0.0459307 0.0769915 0.0747943 -0.2096452 -0.2097603 -0.2090072 0.0672086 0.0668964 0.0718248 0.0704160 -0.0558892 -0.0576288 -0.0584531 -0.0564946 -0.0579087 -0.0561873 0.0737901 -0.2065700 -0.2066440 -0.2070842 -0.2060191 -0.2070967 0.0725660 0.0722192 0.0700350 -0.0375416 -0.0419753 0.0757104 -0.0288490 0.0720472 0.0707058 0.0674040 -0.0271394 -0.0276482 -0.0298917 0.0747855 0.0741427 0.0689084 0.0700141 0.0695559 0.0706791 0.0758568 -0.0511334 -0.0427280 -0.0346175 0.0704729 0.0743994 0.0799996 0.0780124 -0.2090175 -0.2093199 -0.2094819 -0.2100664 0.0788658 0.0783430 0.0679564 -0.2102174 0.0695025 0.0715551 -0.2099323 -0.2102859 -0.2091861 0.0706969 0.0700077 0.0730234 0.0614874 -0.2102152 0.0703094 0.0732447 -0.2105088 0.8407576 -0.2098084 -0.2102362 -0.2101501 -0.0319066 -0.0320899 -0.0269905 0.0936670 0.0690167 0.0709760 0.8441473 0.0718018 0.0781355 0.0822945 0.0796918 0.0855431 -0.2069652 -0.2099821 -0.2102117 -0.2097392 -0.2097167 -0.2064329
-0.4220290 0.3309204 0.3363623 0.3345654 0.3379001 -0.2752766 0.3252277 0.0915413 1.1230648 0.3963918 0.3961783 0.3927287 0.3933743 0.3912363 0.3894629 0.3157985 0.3155398 0.3153321 -0.2671615 0.3642338 -0.4228978 0.3128783 -0.4251153 0.0915648 -0.4252136 -0.4222968 -0.4244735 -0.4222566 -0.4224512 -0.2662980 0.3096174 0.3118201 -0.4245947 -0.4245071 -0.4246918 0.2940825 0.2952355 0.3142794 0.3157847 -0.2766811 -0.2763889 -0.2762891 -0.2756800 -0.2758611 -0.2757379 0.3150597 -0.4216955 -0.4221354 -0.4229786 -0.4222042 -0.4226116 0.3119261 0.3103446 0.3090172 -0.2539313 -0.2597173 0.3076784 -0.2468627 0.3223205 0.3211692 0.3156579 -0.2441744 -0.2449777 -0.2468395 0.3106897 0.3139830 0.3160916 0.3155345 0.3158741 0.3117282 0.3119569 -0.2689254 -0.2661122 -0.2487158 0.3148773 0.3166395 0.3144070 0.3172524 -0.4247702 -0.4253147 -0.4249600 -0.4251914 0.3133566 0.3171138 0.3146608 -0.4240731 0.3124718 0.3064198 -0.4238899 -0.4242756 -0.4232330 0.3094486 0.3102468 0.3148158 0.3110980 -0.4244376 0.3082399 0.3184880 -0.4243106 0.0956531 -0.4241752 -0.4233727 -0.4238314 -0.2486276 -0.2478922 -0.2464205 0.3096328 0.3081125 0.3101325 0.0923470 0.3070028 0.3118845 0.3156227 0.3106759 0.3225018 -0.4224719 -0.4242866 -0.4243396 -0.4247006 -0.4245358 -0.4213913
-0.4204631 0.3292466 0.3363675 0.3342558 0.3349034 -0.2786286 0.3223019 0.0924734 0.3963918 1.1170818 0.3960719 0.3914919 0.3919077 0.3888475 0.3911510 0.3128219 0.3158980 0.3158049 -0.2705641 0.3557076 -0.4207940 0.3113905 -0.4234760 0.0918583 -0.4234090 -0.4207397 -0.4230103 -0.4205524 -0.4208675 -0.2697549 0.3144608 0.3138228 -0.4230988 -0.4228649 -0.4228576 0.2944709 0.2997384 0.3116106 0.3141176 -0.2804305 -0.2800117 -0.2799942 -0.2793581 -0.2795626 -0.2795148 0.3139811 -0.4201064 -0.4203989 -0.4212908 -0.4204989 -0.4205191 0.3106798 0.3123221 0.3126948 -0.2549993 -0.2609269 0.3126751 -0.2472428 0.3174396 0.3143274 0.3115159 -0.2449102 -0.2458859 -0.2473188 0.3087866 0.3126509 0.3120048 0.3147941 0.3109147 0.3129620 0.3164359 -0.2722956 -0.2674283 -0.2495488 0.3138134 0.3188351 0.3167117 0.3120401 -0.4233616 -0.4236731 -0.4232885 -0.4239157 0.3160151 0.3141581 0.3149309 -0.4223193 0.3129946 0.3126406 -0.4222382 -0.4225358 -0.4216584 0.3098150 0.3111029 0.3140924 0.3133004 -0.4229110 0.3079866 0.3214651 -0.4229860 0.0965204 -0.4222986 -0.4218853 -0.4222247 -0.2491885 -0.2484633 -0.2470792 0.3088197 0.3119717 0.3138794 0.0929840 0.3089335 0.3127108 0.3161306 0.3113370 0.3219715 -0.4202195 -0.4224296 -0.4229731 -0.4230148 -0.4228103 -0.4197596
-0.4212323 0.3316948 0.3371300 0.3379281 0.3351662 -0.2797779 0.3240696 0.0935241 0.3961783 0.3960719 1.1196009 0.3946119 0.3892289 0.3936514 0.3997081 0.3155140 0.3140053 0.3171975 -0.2716390 0.3580387 -0.4217294 0.3126090 -0.4245290 0.0935423 -0.4245153 -0.4218923 -0.4242755 -0.4215997 -0.4217815 -0.2710118 0.3117651 0.3178082 -0.4239320 -0.4238991 -0.4240479 0.2921151 0.2992593 0.3133464 0.3154888 -0.2815810 -0.2813198 -0.2808501 -0.2808147 -0.2804838 -0.2806072 0.3167908 -0.4212007 -0.4213680 -0.4224204 -0.4216695 -0.4220083 0.3096684 0.3105718 0.3137756 -0.2548944 -0.2611561 0.3121217 -0.2473072 0.3224108 0.3189824 0.3139495 -0.2451385 -0.2455091 -0.2474123 0.3109401 0.3133653 0.3139782 0.3147915 0.3110697 0.3130092 0.3165728 -0.2734154 -0.2678604 -0.2493851 0.3154684 0.3178327 0.3121850 0.3120078 -0.4243899 -0.4244535 -0.4244995 -0.4246868 0.3133721 0.3143630 0.3134637 -0.4234990 0.3137405 0.3116129 -0.4233219 -0.4237771 -0.4224361 0.3097016 0.3140645 0.3126773 0.3136217 -0.4238938 0.3097439 0.3222906 -0.4236532 0.0973450 -0.4234558 -0.4228530 -0.4233542 -0.2490861 -0.2486044 -0.2471556 0.3109357 0.3112561 0.3150402 0.0941781 0.3074234 0.3133686 0.3160310 0.3117990 0.3179725 -0.4215758 -0.4234760 -0.4238950 -0.4239867 -0.4240550 -0.4207569
-0.4178328 0.3270757 0.3367204 0.3338018 0.3328585 -0.2763115 0.3241370 0.0931305 0.3927287 0.3914919 0.3946119 1.1089585 0.3872228 0.3830908 0.3817697 0.3122370 0.3130985 0.3120703 -0.2683491 0.3577301 -0.4184432 0.3103704 -0.4209371 0.0927077 -0.4209600 -0.4183043 -0.4208723 -0.4179893 -0.4181876 -0.2679908 0.3102815 0.3102928 -0.4205734 -0.4203429 -0.4206348 0.2917011 0.2958697 0.3097977 0.3105804 -0.2780936 -0.2777630 -0.2776597 -0.2769817 -0.2775535 -0.2771687 0.3154650 -0.4176079 -0.4180953 -0.4190649 -0.4179792 -0.4186050 0.3106487 0.3096921 0.3068016 -0.2544836 -0.2604303 0.3098378 -0.2473563 0.3212207 0.3119027 0.3138462 -0.2451284 -0.2458343 -0.2473261 0.3111827 0.3093866 0.3115548 0.3124011 0.3131669 0.3130178 0.3124732 -0.2702871 -0.2671104 -0.2494048 0.3140371 0.3154174 0.3111860 0.3132130 -0.4209059 -0.4208686 -0.4209843 -0.4212482 0.3129769 0.3140021 0.3107778 -0.4198016 0.3105384 0.3078193 -0.4198779 -0.4202861 -0.4192723 0.3106151 0.3123511 0.3097876 0.3133286 -0.4202626 0.3083119 0.3165416 -0.4204015 0.0961098 -0.4200278 -0.4194709 -0.4195541 -0.2493032 -0.2486959 -0.2475200 0.3100941 0.3067063 0.3084633 0.0932150 0.3085157 0.3131261 0.3139392 0.3085242 0.3210229 -0.4177590 -0.4202745 -0.4202286 -0.4205002 -0.4205122 -0.4173524
-0.4233303 0.3317204 0.3322139 0.3347134 0.3364817 -0.2814006 0.3273469 0.0921790 0.3933743 0.3919077 0.3892289 0.3872228 1.1218362 0.3904540 0.3887303 0.3184514 0.3178349 0.3170917 -0.2727240 0.3654305 -0.4236332 0.3193413 -0.4261818 0.0921289 -0.4257789 -0.4234969 -0.4255748 -0.4234354 -0.4238177 -0.2719219 0.3162036 0.3168584 -0.4259473 -0.4253727 -0.4256456 0.2971963 0.3012601 0.3152071 0.3171230 -0.2824507 -0.2823024 -0.2822005 -0.2816415 -0.2822466 -0.2812242 0.3178347 -0.4227784 -0.4233871 -0.4241137 -0.4231263 -0.4235657 0.3132147 0.3126951 0.3163648 -0.2562550 -0.2623309 0.3150359 -0.2480635 0.3213794 0.3193862 0.3160202 -0.2456568 -0.2463941 -0.2483354 0.3132261 0.3134458 0.3165255 0.3164309 0.3175421 0.3178278 0.3162850 -0.2749303 -0.2693309 -0.2506197 0.3136098 0.3209104 0.3196554 0.3192242 -0.4259888 -0.4262707 -0.4259056 -0.4267424 0.3156038 0.3177280 0.3150243 -0.4251501 0.3155810 0.3152921 -0.4251605 -0.4255789 -0.4244355 0.3128413 0.3141542 0.3136877 0.3135265 -0.4256060 0.3108517 0.3231508 -0.4257638 0.0953985 -0.4255005 -0.4246477 -0.4249482 -0.2499860 -0.2495394 -0.2479398 0.3134232 0.3111092 0.3154306 0.0928307 0.3098354 0.3138019 0.3167062 0.3175093 0.3227623 -0.4230975 -0.4252926 -0.4255998 -0.4256108 -0.4256895 -0.4222861
-0.4242947 0.3326402 0.3412420 0.3401469 0.3436326 -0.2814662 0.3320189 0.0932318 0.3912363 0.3888475 0.3936514 0.3830908 0.3904540 1.1214463 0.3870423 0.3196534 0.3195633 0.3214733 -0.2728189 0.3611275 -0.4246720 0.3192755 -0.4273486 0.0929531 -0.4269838 -0.4244232 -0.4269365 -0.4244435 -0.4247704 -0.2718798 0.3152176 0.3185810 -0.4267196 -0.4264609 -0.4266637 0.2940869 0.3003272 0.3161245 0.3204640 -0.2824714 -0.2824084 -0.2825861 -0.2816792 -0.2822865 -0.2815433 0.3180711 -0.4237644 -0.4242214 -0.4251999 -0.4240809 -0.4246994 0.3150276 0.3126846 0.3166533 -0.2559465 -0.2622911 0.3148130 -0.2477120 0.3246413 0.3205568 0.3163453 -0.2451520 -0.2460031 -0.2480834 0.3114004 0.3172757 0.3158909 0.3145001 0.3180295 0.3157852 0.3181254 -0.2752214 -0.2687896 -0.2505807 0.3184686 0.3213251 0.3160835 0.3181705 -0.4267971 -0.4270943 -0.4269458 -0.4275755 0.3182123 0.3230592 0.3142116 -0.4263012 0.3131397 0.3136851 -0.4263137 -0.4267585 -0.4254491 0.3122007 0.3140998 0.3119797 0.3144436 -0.4266499 0.3089304 0.3223101 -0.4269509 0.0961401 -0.4263719 -0.4257944 -0.4261345 -0.2496453 -0.2492782 -0.2475220 0.3131146 0.3126056 0.3127074 0.0930576 0.3118072 0.3143953 0.3176871 0.3162930 0.3240100 -0.4240644 -0.4263315 -0.4265300 -0.4269122 -0.4268706 -0.4235347
-0.4223605 0.3299423 0.3358435 0.3364891 0.3366812 -0.2793114 0.3273984 0.0926808 0.3894629 0.3911510 0.3997081 0.3817697 0.3887303 0.3870423 1.1200694 0.3175035 0.3151083 0.3203833 -0.2707129 0.3615168 -0.4223343 0.3163641 -0.4249770 0.0923575 -0.4252555 -0.4224209 -0.4247972 -0.4219693 -0.4225631 -0.2696255 0.3150163 0.3168741 -0.4246815 -0.4242461 -0.4245431 0.2934312 0.3014709 0.3153268 0.3187839 -0.2802513 -0.2802504 -0.2806414 -0.2794777 -0.2800413 -0.2795834 0.3192466 -0.4219300 -0.4222025 -0.4230815 -0.4220676 -0.4226069 0.3095847 0.3129237 0.3156395 -0.2553514 -0.2612498 0.3143395 -0.2473416 0.3222571 0.3191723 0.3158937 -0.2451959 -0.2459379 -0.2476697 0.3107028 0.3113742 0.3141221 0.3158500 0.3170633 0.3158557 0.3147150 -0.2728796 -0.2680351 -0.2497414 0.3159487 0.3180372 0.3139790 0.3132915 -0.4249874 -0.4249235 -0.4248277 -0.4252027 0.3159894 0.3198870 0.3144851 -0.4243208 0.3119693 0.3127404 -0.4240098 -0.4246660 -0.4233811 0.3078171 0.3140647 0.3102677 0.3157594 -0.4248149 0.3069521 0.3213975 -0.4247917 0.0964103 -0.4243245 -0.4238153 -0.4241427 -0.2493886 -0.2488260 -0.2470026 0.3125291 0.3114269 0.3136481 0.0925965 0.3083626 0.3129224 0.3150298 0.3091578 0.3225909 -0.4219423 -0.4241456 -0.4244337 -0.4246749 -0.4243391 -0.4215403
-0.4373955 0.3222645 0.3344465 0.3339918 0.3331096 -0.2927910 0.3398582 0.0728078 0.3157985 0.3128219 0.3155140 0.3122370 0.3184514 0.3196534 0.3175035 1.1260942 0.3520599 0.3442105 -0.2833836 0.3118354 -0.4373420 0.3629203 -0.4397348 0.0739853 -0.4398606 -0.4371773 -0.4393259 -0.4369797 -0.4376336 -0.2821424 0.3359097 0.3313168 -0.4396555 -0.4391326 -0.4393675 0.3151464 0.3169680 0.3461146 0.3467544 -0.2928765 -0.2934936 -0.2937912 -0.2923991 -0.2932279 -0.2921555 0.3647352 -0.4364722 -0.4368726 -0.4379918 -0.4368001 -0.4373482 0.3455530 0.3479983 0.3384076 -0.2667737 -0.2732913 0.3287195 -0.2577318 0.3648772 0.3626663 0.3615527 -0.2557741 -0.2565975 -0.2581395 0.3443418 0.3506041 0.3570738 0.3577855 0.3609344 0.3543220 0.3356688 -0.2861165 -0.2802178 -0.2609203 0.3540753 0.3612287 0.3635710 0.3545453 -0.4395471 -0.4398485 -0.4395749 -0.4403859 0.3607054 0.3588877 0.3345559 -0.4393947 0.3242015 0.3220174 -0.4393563 -0.4396481 -0.4382560 0.3413152 0.3302836 0.3385797 0.3352219 -0.4397686 0.3381772 0.3367141 -0.4397926 0.0741678 -0.4395258 -0.4387299 -0.4386884 -0.2600555 -0.2596680 -0.2576286 0.3200414 0.3252362 0.3257721 0.0721202 0.3433272 0.3244012 0.3256313 0.3411630 0.3350127 -0.4363820 -0.4390402 -0.4395495 -0.4393412 -0.4393550 -0.4363125
-0.4375975 0.3172015 0.3244952 0.3256139 0.3229579 -0.2935686 0.3227769 0.0726644 0.3155398 0.3158980 0.3140053 0.3130985 0.3178349 0.3195633 0.3151083 0.3520599 1.1340885 0.3773019 -0.2845789 0.3100682 -0.4381573 0.3451868 -0.4404729 0.0720795 -0.4404132 -0.4380543 -0.4399445 -0.4376236 -0.4380789 -0.2833224 0.3622081 0.3598154 -0.4402153 -0.4396311 -0.4398583 0.3359084 0.3351486 0.3814459 0.3831029 -0.2942126 -0.2943506 -0.2943766 -0.2935830 -0.2940286 -0.2934840 0.3487436 -0.4370435 -0.4376643 -0.4385497 -0.4373618 -0.4380738 0.3329361 0.3320692 0.3572206 -0.2670706 -0.2737115 0.3525736 -0.2585360 0.3454271 0.3443446 0.3398277 -0.2560012 -0.2573024 -0.2589536 0.3296533 0.3344102 0.3493602 0.3466901 0.3420984 0.3434255 0.3621416 -0.2870541 -0.2805067 -0.2611820 0.3444285 0.3491208 0.3454320 0.3392675 -0.4403958 -0.4402689 -0.4401456 -0.4407563 0.3418601 0.3431461 0.3658819 -0.4397384 0.3455342 0.3502208 -0.4396209 -0.4400326 -0.4386250 0.3304253 0.3597818 0.3250231 0.3594456 -0.4404834 0.3267588 0.3672344 -0.4402812 0.0747065 -0.4396747 -0.4390486 -0.4392835 -0.2606333 -0.2603151 -0.2584695 0.3134633 0.3451308 0.3535818 0.0723137 0.3319796 0.3160263 0.3142632 0.3281247 0.3165929 -0.4372850 -0.4397724 -0.4399078 -0.4400704 -0.4400949 -0.4367239
-0.4360480 0.3152746 0.3194717 0.3216784 0.3189397 -0.2927079 0.3251812 0.0735418 0.3153321 0.3158049 0.3171975 0.3120703 0.3170917 0.3214733 0.3203833 0.3442105 0.3773019 1.1283758 -0.2834654 0.3144363 -0.4361745 0.3451692 -0.4386274 0.0734808 -0.4384529 -0.4359629 -0.4382097 -0.4357946 -0.4363558 -0.2826131 0.3578821 0.3575645 -0.4382770 -0.4379970 -0.4382458 0.3364605 0.3402159 0.3762763 0.3782668 -0.2929559 -0.2933300 -0.2937522 -0.2923346 -0.2933874 -0.2922837 0.3480337 -0.4351710 -0.4358646 -0.4368955 -0.4355043 -0.4363058 0.3276328 0.3293728 0.3556631 -0.2663453 -0.2726829 0.3540541 -0.2574163 0.3517227 0.3468704 0.3380057 -0.2557990 -0.2564436 -0.2576487 0.3272819 0.3317930 0.3475450 0.3450560 0.3382438 0.3468607 0.3601119 -0.2859339 -0.2797249 -0.2605618 0.3427516 0.3460870 0.3419610 0.3374485 -0.4383113 -0.4385740 -0.4383003 -0.4390214 0.3331095 0.3395575 0.3630440 -0.4378589 0.3438976 0.3441384 -0.4381281 -0.4384663 -0.4369248 0.3296304 0.3528224 0.3277409 0.3583874 -0.4385523 0.3227868 0.3657390 -0.4387286 0.0752829 -0.4380849 -0.4376456 -0.4375221 -0.2597412 -0.2596506 -0.2574230 0.3125030 0.3484885 0.3501413 0.0728345 0.3310252 0.3137661 0.3120868 0.3249791 0.3184527 -0.4353833 -0.4380461 -0.4381572 -0.4385028 -0.4382946 -0.4351247
-0.2678533 -0.2724038 -0.2787376 -0.2767694 -0.2756931 2.4947891 -0.2784596 -0.0481809 -0.2671615 -0.2705641 -0.2716390 -0.2683491 -0.2727240 -0.2728189 -0.2707129 -0.2833836 -0.2845789 -0.2834654 2.7895582 -0.2614143 -0.2669820 -0.2825617 -0.2702710 -0.0459215 -0.2696663 -0.2672513 -0.2696315 -0.2669494 -0.2676476 2.4956768 -0.2789403 -0.2789761 -0.2701779 -0.2690417 -0.2690748 -0.2807734 -0.2825479 -0.2814816 -0.2850784 2.4987278 2.5053375 2.5051837 2.4986210 2.5044031 2.4990551 -0.2825598 -0.2667011 -0.2669705 -0.2682170 -0.2666496 -0.2670557 -0.2811598 -0.2827344 -0.2832388 0.4879853 0.6782966 -0.2800149 0.1944738 -0.2855993 -0.2853792 -0.2770989 0.1923635 0.1948359 0.1946173 -0.2801199 -0.2834006 -0.2836366 -0.2844978 -0.2847225 -0.2854431 -0.2824895 2.4763799 0.8639519 0.2629104 -0.2853992 -0.2847472 -0.2826165 -0.2804559 -0.2692778 -0.2697170 -0.2698569 -0.2700243 -0.2829058 -0.2830431 -0.2849533 -0.2702782 -0.2783012 -0.2812723 -0.2702711 -0.2703806 -0.2685329 -0.2833540 -0.2826521 -0.2812950 -0.2834653 -0.2712235 -0.2823660 -0.2845732 -0.2707935 -0.0489965 -0.2700664 -0.2699094 -0.2693248 0.1965022 0.1955384 0.1915862 -0.2676359 -0.2812268 -0.2817371 -0.0487016 -0.2805927 -0.2745501 -0.2747666 -0.2782696 -0.2746566 -0.2661163 -0.2696029 -0.2697869 -0.2693280 -0.2696175 -0.2662783
-0.4105080 0.3221137 0.3234189 0.3290359 0.3276847 -0.2718745 0.3216390 0.0950224 0.3642338 0.3557076 0.3580387 0.3577301 0.3654305 0.3611275 0.3615168 0.3118354 0.3100682 0.3144363 -0.2614143 1.1219251 -0.4101447 0.3132975 -0.4126130 0.0956517 -0.4124767 -0.4100723 -0.4121577 -0.4098252 -0.4108404 -0.2606708 0.3158673 0.3070243 -0.4124879 -0.4116897 -0.4119378 0.2891016 0.2910270 0.3105724 0.3117027 -0.2713044 -0.2720566 -0.2730618 -0.2707020 -0.2725827 -0.2702042 0.3117810 -0.4093202 -0.4099902 -0.4112524 -0.4095574 -0.4103061 0.3062454 0.3042180 0.3030055 -0.2479297 -0.2539872 0.3049180 -0.2402555 0.3146126 0.3103878 0.3073742 -0.2384525 -0.2390496 -0.2406476 0.3024007 0.3040607 0.3126891 0.3101082 0.3068525 0.3052695 0.3049459 -0.2651365 -0.2608276 -0.2428993 0.3042999 0.3114584 0.3158257 0.3134303 -0.4124368 -0.4126658 -0.4123755 -0.4130997 0.3086438 0.3104927 0.3040661 -0.4124496 0.3020719 0.3028748 -0.4123003 -0.4126313 -0.4110626 0.2995492 0.3049708 0.3019179 0.3029657 -0.4127775 0.2984371 0.3058606 -0.4130232 0.0950145 -0.4120582 -0.4114206 -0.4116287 -0.2420460 -0.2423215 -0.2399191 0.3057869 0.2972316 0.3043478 0.0959069 0.3027852 0.3038874 0.3066886 0.3055139 0.3139867 -0.4088693 -0.4117780 -0.4122183 -0.4121963 -0.4122677 -0.4089925
0.8900414 -0.4200242 -0.4300481 -0.4289837 -0.4299389 -0.2802139 -0.4326271 -0.2066944 -0.4228978 -0.4207940 -0.4217294 -0.4184432 -0.4236332 -0.4246720 -0.4223343 -0.4373420 -0.4381573 -0.4361745 -0.2669820 -0.4101447 1.1925653 -0.4302341 0.8662078 -0.2076333 0.8658440 0.8955468 0.8662946 0.8867888 0.8871762 -0.2716907 -0.4316989 -0.4287446 0.8653374 0.8661737 0.8682717 -0.3984937 -0.4016633 -0.4368563 -0.4386598 -0.2790408 -0.2813251 -0.2821584 -0.2807391 -0.2820898 -0.2808522 -0.4373284 0.8868452 0.8890762 0.8930292 0.8881102 0.8870103 -0.4274092 -0.4275786 -0.4318006 -0.2558925 -0.2597230 -0.4299653 -0.2514222 -0.4392188 -0.4369175 -0.4332074 -0.2543017 -0.2503356 -0.2503642 -0.4268003 -0.4328985 -0.4326253 -0.4317861 -0.4320561 -0.4332229 -0.4319444 -0.2706830 -0.2703627 -0.2460741 -0.4336544 -0.4415629 -0.4393486 -0.4346851 0.8647891 0.8666475 0.8661395 0.8667718 -0.4384238 -0.4374790 -0.4284005 0.8670039 -0.4203916 -0.4228979 0.8634415 0.8665034 0.8637121 -0.4256041 -0.4266630 -0.4233080 -0.4247955 0.8656016 -0.4207723 -0.4392585 0.8641062 -0.2127001 0.8636864 0.8631473 0.8651296 -0.2481755 -0.2477231 -0.2516982 -0.4104350 -0.4196295 -0.4249594 -0.2070178 -0.4215801 -0.4093909 -0.4118440 -0.4237117 -0.4198720 0.8859651 0.8654290 0.8669443 0.8665916 0.8677450 0.8818923
-0.4306045 0.3242194 0.3256083 0.3292035 0.3310725 -0.2930720 0.3360107 0.0722706 0.3128783 0.3113905 0.3126090 0.3103704 0.3193413 0.3192755 0.3163641 0.3629203 0.3451868 0.3451692 -0.2825617 0.3132975 -0.4302341 1.1304051 -0.4320468 0.0718830 -0.4318798 -0.4299664 -0.4318768 -0.4298716 -0.4307823 -0.2814762 0.3390914 0.3264818 -0.4323111 -0.4317794 -0.4319928 0.3039362 0.3088107 0.3472398 0.3479597 -0.2921968 -0.2931205 -0.2941348 -0.2917805 -0.2932290 -0.2915794 0.3671314 -0.4294361 -0.4299571 -0.4308257 -0.4295127 -0.4305242 0.3302169 0.3298441 0.3252799 -0.2664749 -0.2729667 0.3231122 -0.2574505 0.3655355 0.3631352 0.3535088 -0.2556253 -0.2566045 -0.2582188 0.3294382 0.3390807 0.3639095 0.3553502 0.3566749 0.3584705 0.3238358 -0.2862218 -0.2799976 -0.2609130 0.3565681 0.3552571 0.3460137 0.3437334 -0.4324948 -0.4324545 -0.4321566 -0.4330562 0.3441101 0.3465341 0.3318157 -0.4322846 0.3202085 0.3167478 -0.4322056 -0.4324819 -0.4308657 0.3331815 0.3263390 0.3293722 0.3331444 -0.4327037 0.3277927 0.3357084 -0.4327188 0.0713007 -0.4320501 -0.4314474 -0.4315519 -0.2597487 -0.2597316 -0.2569757 0.3155187 0.3231440 0.3233479 0.0714387 0.3330511 0.3189839 0.3251804 0.3344995 0.3322735 -0.4291036 -0.4316760 -0.4320361 -0.4320478 -0.4320810 -0.4290794
0.8630353 -0.4226417 -0.4324623 -0.4313964 -0.4326217 -0.2836214 -0.4354887 -0.2096692 -0.4251153 -0.4234760 -0.4245290 -0.4209371 -0.4261818 -0.4273486 -0.4249770 -0.4397348 -0.4404729 -0.4386274 -0.2702710 -0.4126130 0.8662078 -0.4320468 1.1916460 -0.2105994 0.8908702 0.8675925 0.8870671 0.8678504 0.8696106 -0.2749432 -0.4344254 -0.4312278 0.8870124 0.8850102 0.8891993 -0.4004100 -0.4038812 -0.4391979 -0.4416502 -0.2821958 -0.2848050 -0.2855208 -0.2842174 -0.2854549 -0.2841401 -0.4401447 0.8670313 0.8676151 0.8703915 0.8676810 0.8663128 -0.4299111 -0.4301068 -0.4342587 -0.2587816 -0.2622299 -0.4323656 -0.2543028 -0.4419194 -0.4396029 -0.4358986 -0.2570910 -0.2527889 -0.2532347 -0.4295054 -0.4354974 -0.4354034 -0.4344613 -0.4347270 -0.4357415 -0.4348627 -0.2741921 -0.2734129 -0.2486909 -0.4359377 -0.4441320 -0.4420021 -0.4374299 0.8875386 0.8886426 0.8885301 0.8911307 -0.4410751 -0.4402828 -0.4308781 0.8838335 -0.4229496 -0.4255800 0.8843400 0.8850836 0.8844960 -0.4282507 -0.4289558 -0.4260646 -0.4274645 0.8878244 -0.4235812 -0.4418686 0.8878675 -0.2153877 0.8832943 0.8844433 0.8831341 -0.2508671 -0.2504720 -0.2546603 -0.4129227 -0.4222264 -0.4275422 -0.2095135 -0.4242995 -0.4118934 -0.4142651 -0.4262596 -0.4223267 0.8680511 0.8850014 0.8850917 0.8831604 0.8885015 0.8657472
-0.2082010 0.0885310 0.0834237 0.0875505 0.0892403 -0.0569243 0.0875731 0.8389370 0.0915648 0.0918583 0.0935423 0.0927077 0.0921289 0.0929531 0.0923575 0.0739853 0.0720795 0.0734808 -0.0459215 0.0956517 -0.2076333 0.0718830 -0.2105994 1.2132875 -0.2103436 -0.2073262 -0.2104392 -0.2081920 -0.2077927 -0.0440047 0.0778586 0.0748174 -0.2107784 -0.2107772 -0.2098247 0.0679790 0.0666945 0.0714771 0.0709725 -0.0542651 -0.0559655 -0.0567001 -0.0546033 -0.0564077 -0.0543434 0.0734335 -0.2074102 -0.2075950 -0.2081452 -0.2070957 -0.2083756 0.0724444 0.0736020 0.0703117 -0.0357565 -0.0405651 0.0751074 -0.0275931 0.0721160 0.0707899 0.0674301 -0.0255003 -0.0261332 -0.0280895 0.0745225 0.0732066 0.0702737 0.0700549 0.0694097 0.0705718 0.0747793 -0.0492439 -0.0414689 -0.0330796 0.0707803 0.0752425 0.0808437 0.0781243 -0.2102723 -0.2101755 -0.2105466 -0.2112684 0.0789427 0.0791103 0.0681408 -0.2113791 0.0695938 0.0715790 -0.2110010 -0.2113561 -0.2102509 0.0707553 0.0693083 0.0733520 0.0618813 -0.2112191 0.0706235 0.0730898 -0.2116729 0.8492756 -0.2107248 -0.2114494 -0.2111321 -0.0305334 -0.0308491 -0.0255034 0.0934992 0.0690732 0.0695025 0.8404206 0.0718257 0.0780281 0.0818135 0.0794112 0.0854093 -0.2076788 -0.2105825 -0.2111946 -0.2109067 -0.2106788 -0.2074006
0.8650507 -0.4225673 -0.4325563 -0.4314945 -0.4325716 -0.2828499 -0.4353606 -0.2095308 -0.4252136 -0.4234090 -0.4245153 -0.4209600 -0.4257789 -0.4269838 -0.4252555 -0.4398606 -0.4404132 -0.4384529 -0.2696663 -0.4124767 0.8658440 -0.4318798 0.8908702 -0.2103436 1.1896061 0.8661838 0.8873979 0.8654327 0.8663464 -0.2742463 -0.4345239 -0.4310330 0.8859245 0.8827871 0.8844879 -0.4006856 -0.4041068 -0.4391765 -0.4415789 -0.2816146 -0.2840735 -0.2848544 -0.2834875 -0.2845780 -0.2834511 -0.4399935 0.8681732 0.8670080 0.8672493 0.8671585 0.8670538 -0.4297993 -0.4301515 -0.4341480 -0.2587623 -0.2624967 -0.4323556 -0.2543659 -0.4419948 -0.4396305 -0.4357381 -0.2571897 -0.2531426 -0.2533020 -0.4295542 -0.4355220 -0.4351727 -0.4347309 -0.4346103 -0.4355932 -0.4346690 -0.2734723 -0.2733196 -0.2486123 -0.4360255 -0.4441069 -0.4419492 -0.4373881 0.8884311 0.8896525 0.8876123 0.8883612 -0.4410206 -0.4399874 -0.4307919 0.8868709 -0.4227744 -0.4253699 0.8839482 0.8872810 0.8850362 -0.4281214 -0.4292191 -0.4260267 -0.4272224 0.8872689 -0.4234045 -0.4417941 0.8853788 -0.2153874 0.8849850 0.8844527 0.8839295 -0.2508911 -0.2504899 -0.2547368 -0.4130112 -0.4221246 -0.4274839 -0.2096836 -0.4242570 -0.4116665 -0.4142549 -0.4259938 -0.4226420 0.8669433 0.8880253 0.8872361 0.8862795 0.8848696 0.8679821
0.8889917 -0.4197702 -0.4297934 -0.4284476 -0.4299223 -0.2803141 -0.4328000 -0.2064282 -0.4222968 -0.4207397 -0.4218923 -0.4183043 -0.4234969 -0.4244232 -0.4224209 -0.4371773 -0.4380543 -0.4359629 -0.2672513 -0.4100723 0.8955468 -0.4299664 0.8675925 -0.2073262 0.8661838 1.1980929 0.8658827 0.8869356 0.8893343 -0.2717486 -0.4315281 -0.4281099 0.8671005 0.8647126 0.8693006 -0.3982727 -0.4013173 -0.4365061 -0.4387782 -0.2791079 -0.2815546 -0.2821828 -0.2809688 -0.2822084 -0.2809805 -0.4373623 0.8830828 0.8860677 0.8891834 0.8836782 0.8887507 -0.4269441 -0.4273522 -0.4315134 -0.2558407 -0.2595156 -0.4297768 -0.2513669 -0.4389356 -0.4367511 -0.4330627 -0.2542398 -0.2501082 -0.2505359 -0.4266265 -0.4328655 -0.4323961 -0.4319111 -0.4318784 -0.4330489 -0.4317722 -0.2708344 -0.2704428 -0.2460435 -0.4333634 -0.4414330 -0.4392501 -0.4345729 0.8665881 0.8667645 0.8674194 0.8681092 -0.4382291 -0.4375023 -0.4283428 0.8652175 -0.4204316 -0.4226581 0.8626314 0.8653393 0.8635558 -0.4253437 -0.4262915 -0.4233332 -0.4245259 0.8655860 -0.4206493 -0.4390707 0.8645530 -0.2123630 0.8650499 0.8660488 0.8660549 -0.2480465 -0.2477655 -0.2517972 -0.4102327 -0.4191953 -0.4250261 -0.2062701 -0.4215510 -0.4092012 -0.4117423 -0.4234614 -0.4196914 0.8827905 0.8636876 0.8684474 0.8649034 0.8634803 0.8804959
0.8637213 -0.4220178 -0.4321043 -0.4311934 -0.4321296 -0.2827141 -0.4349467 -0.2094881 -0.4244735 -0.4230103 -0.4242755 -0.4208723 -0.4255748 -0.4269365 -0.4247972 -0.4393259 -0.4399445 -0.4382097 -0.2696315 -0.4121577 0.8662946 -0.4318768 0.8870671 -0.2104392 0.8873979 0.8658827 1.1927707 0.8685876 0.8677326 -0.2741433 -0.4340127 -0.4307093 0.8839085 0.8839605 0.8865256 -0.4000175 -0.4036247 -0.4389256 -0.4409144 -0.2817475 -0.2841813 -0.2846035 -0.2834257 -0.2846797 -0.2833575 -0.4396343 0.8677842 0.8678550 0.8684732 0.8665229 0.8676400 -0.4294553 -0.4295939 -0.4336997 -0.2586420 -0.2621732 -0.4322897 -0.2542122 -0.4414869 -0.4389156 -0.4355598 -0.2568366 -0.2530462 -0.2530600 -0.4292215 -0.4353795 -0.4347638 -0.4342329 -0.4343403 -0.4353430 -0.4341515 -0.2733048 -0.2730818 -0.2486351 -0.4356323 -0.4438970 -0.4417127 -0.4369698 0.8844268 0.8889748 0.8874450 0.8879488 -0.4406268 -0.4397544 -0.4306310 0.8841241 -0.4227953 -0.4250648 0.8827589 0.8845260 0.8823301 -0.4280187 -0.4286316 -0.4255014 -0.4269817 0.8859083 -0.4229999 -0.4414720 0.8863412 -0.2152981 0.8829479 0.8821342 0.8849846 -0.2507243 -0.2503757 -0.2545554 -0.4125666 -0.4216776 -0.4272729 -0.2095691 -0.4235907 -0.4112596 -0.4140472 -0.4255715 -0.4219511 0.8663670 0.8836088 0.8854383 0.8848391 0.8849509 0.8675900
0.8882374 -0.4197291 -0.4298321 -0.4285495 -0.4298332 -0.2799405 -0.4323814 -0.2070446 -0.4222566 -0.4205524 -0.4215997 -0.4179893 -0.4234354 -0.4244435 -0.4219693 -0.4369797 -0.4376236 -0.4357946 -0.2669494 -0.4098252 0.8867888 -0.4298716 0.8678504 -0.2081920 0.8654327 0.8869356 0.8685876 1.1929246 0.8876891 -0.2714850 -0.4316599 -0.4283617 0.8663620 0.8644856 0.8637037 -0.3982804 -0.4016804 -0.4362498 -0.4387118 -0.2784509 -0.2811532 -0.2815932 -0.2804615 -0.2815861 -0.2804127 -0.4370052 0.8859596 0.8886054 0.8899588 0.8858160 0.8861053 -0.4268776 -0.4271529 -0.4315593 -0.2560512 -0.2596281 -0.4294886 -0.2515253 -0.4390865 -0.4367347 -0.4328896 -0.2543408 -0.2505781 -0.2505750 -0.4266990 -0.4327739 -0.4325181 -0.4316328 -0.4316590 -0.4328832 -0.4317949 -0.2704610 -0.2704026 -0.2462473 -0.4330107 -0.4411822 -0.4391296 -0.4346443 0.8649688 0.8652725 0.8672903 0.8648850 -0.4383186 -0.4374537 -0.4280657 0.8664381 -0.4202430 -0.4226099 0.8656299 0.8667820 0.8649310 -0.4253040 -0.4264483 -0.4232571 -0.4247225 0.8664109 -0.4207189 -0.4389743 0.8645467 -0.2130244 0.8671353 0.8656923 0.8656093 -0.2482153 -0.2479993 -0.2519592 -0.4101692 -0.4192382 -0.4248202 -0.2070580 -0.4216735 -0.4092320 -0.4114538 -0.4233776 -0.4194829 0.8869681 0.8671450 0.8637968 0.8656569 0.8664935 0.8810027
0.8897802 -0.4200598 -0.4298817 -0.4288113 -0.4304058 -0.2801711 -0.4328569 -0.2066296 -0.4224512 -0.4208675 -0.4217815 -0.4181876 -0.4238177 -0.4247704 -0.4225631 -0.4376336 -0.4380789 -0.4363558 -0.2676476 -0.4108404 0.8871762 -0.4307823 0.8696106 -0.2077927 0.8663464 0.8893343 0.8677326 0.8876891 1.1900970 -0.2720286 -0.4328945 -0.4288853 0.8660164 0.8645066 0.8628333 -0.3987127 -0.4017872 -0.4370560 -0.4391781 -0.2793719 -0.2817634 -0.2818958 -0.2812491 -0.2821460 -0.2814023 -0.4378049 0.8844768 0.8888974 0.8935808 0.8870644 0.8893348 -0.4273694 -0.4274918 -0.4314941 -0.2559462 -0.2597871 -0.4297487 -0.2518572 -0.4393436 -0.4368500 -0.4330236 -0.2544921 -0.2506779 -0.2509318 -0.4268118 -0.4326910 -0.4328654 -0.4318132 -0.4318812 -0.4332315 -0.4320016 -0.2707714 -0.2706766 -0.2463310 -0.4328245 -0.4411854 -0.4397572 -0.4350945 0.8666369 0.8674060 0.8673168 0.8660052 -0.4386443 -0.4375421 -0.4280378 0.8674925 -0.4202999 -0.4227018 0.8683156 0.8673719 0.8636656 -0.4252894 -0.4262900 -0.4231712 -0.4246225 0.8674608 -0.4205076 -0.4388614 0.8677299 -0.2120500 0.8671786 0.8658544 0.8659441 -0.2483758 -0.2479210 -0.2523677 -0.4106321 -0.4195317 -0.4249351 -0.2068952 -0.4217622 -0.4092158 -0.4118242 -0.4237310 -0.4200429 0.8841466 0.8648404 0.8673734 0.8647034 0.8652865 0.8831990
-0.2724306 -0.2715735 -0.2777455 -0.2758406 -0.2747667 2.5036938 -0.2771799 -0.0459307 -0.2662980 -0.2697549 -0.2710118 -0.2679908 -0.2719219 -0.2718798 -0.2696255 -0.2821424 -0.2833224 -0.2826131 2.4956768 -0.2606708 -0.2716907 -0.2814762 -0.2749432 -0.0440047 -0.2742463 -0.2717486 -0.2741433 -0.2714850 -0.2720286 2.7924740 -0.2780304 -0.2780484 -0.2749776 -0.2738173 -0.2738745 -0.2800439 -0.2820971 -0.2807362 -0.2840954 2.5120857 2.5146976 2.5150611 2.5104833 2.5144815 2.5100415 -0.2815542 -0.2712320 -0.2717104 -0.2727658 -0.2712623 -0.2718077 -0.2806626 -0.2820801 -0.2823178 0.4927742 0.6833830 -0.2792489 0.1998482 -0.2839988 -0.2842921 -0.2764527 0.1980033 0.2000648 0.1998273 -0.2796960 -0.2823306 -0.2829755 -0.2834257 -0.2843133 -0.2847163 -0.2816587 2.4884741 0.8695733 0.2675920 -0.2841863 -0.2830519 -0.2809877 -0.2788794 -0.2739772 -0.2744283 -0.2744711 -0.2746870 -0.2813866 -0.2814693 -0.2839038 -0.2750722 -0.2776668 -0.2806236 -0.2750879 -0.2750872 -0.2733265 -0.2823952 -0.2820717 -0.2805154 -0.2827441 -0.2761722 -0.2816797 -0.2826999 -0.2755297 -0.0465556 -0.2747094 -0.2744354 -0.2742426 0.2012578 0.2003927 0.1974065 -0.2670463 -0.2808136 -0.2810598 -0.0469285 -0.2802860 -0.2742090 -0.2737311 -0.2777320 -0.2740702 -0.2709619 -0.2742751 -0.2744029 -0.2739978 -0.2741570 -0.2709329
-0.4323017 0.3148635 0.3128494 0.3204820 0.3203018 -0.2898716 0.3211620 0.0769915 0.3096174 0.3144608 0.3117651 0.3102815 0.3162036 0.3152176 0.3150163 0.3359097 0.3622081 0.3578821 -0.2789403 0.3158673 -0.4316989 0.3390914 -0.4344254 0.0778586 -0.4345239 -0.4315281 -0.4340127 -0.4316599 -0.4328945 -0.2780304 1.1377211 0.3710372 -0.4344028 -0.4340418 -0.4338974 0.3489447 0.3553070 0.3552194 0.3608581 -0.2887661 -0.2898420 -0.2906971 -0.2881674 -0.2899827 -0.2877161 0.3409616 -0.4313095 -0.4318525 -0.4328872 -0.4312705 -0.4321755 0.3201680 0.3213166 0.3598616 -0.2625733 -0.2691598 0.3667883 -0.2537878 0.3363776 0.3370165 0.3307989 -0.2515820 -0.2522684 -0.2537198 0.3237713 0.3206072 0.3379741 0.3296215 0.3343914 0.3316720 0.3668369 -0.2827527 -0.2756262 -0.2566432 0.3279588 0.3364881 0.3399021 0.3362637 -0.4341142 -0.4345513 -0.4340862 -0.4352238 0.3281016 0.3350892 0.3448866 -0.4340877 0.3446991 0.3512978 -0.4343138 -0.4344596 -0.4328451 0.3166873 0.3575710 0.3161393 0.3374117 -0.4348597 0.3154678 0.3747015 -0.4349424 0.0758924 -0.4339684 -0.4335527 -0.4336259 -0.2554873 -0.2558062 -0.2529007 0.3114114 0.3539693 0.3644280 0.0764587 0.3219714 0.3090574 0.3060046 0.3212102 0.3110306 -0.4308562 -0.4335115 -0.4340533 -0.4338764 -0.4340817 -0.4310150
