2.3765914 2.0299926 2.0245223 2.0307875 2.0309258 -0.3068604 -0.0183273 -0.0187916 -0.0152713 -0.0173697 -0.0138485 -0.0186374 -0.2950663 -0.2972941 -0.3032480 -0.3017904 -0.3013185 1.9949607 -0.3034168 -0.0980900 -0.2930532 -0.2957032 -0.2966811 -0.2936664 -0.2975378 -0.2979846 -0.2960137 -0.3081103 -0.3085359 -0.3081756 2.0252047 -0.2880919 -0.2945927 -0.3077950 -0.2974737 -0.0965317 -0.2969861 -0.2947029 -0.2968546 -0.2944813 -0.2950159 2.0360737 -0.3044752 -0.3037179 -0.2975141 -0.2965485 -0.2965612 -0.3052105 -0.3065704 -0.3064809 -0.3095778 2.0008202 2.0033300 2.0033760 1.9990289 2.0044186 2.0006826 -0.3078050 -0.2940542 -0.2945605 -0.2957864 -0.2941747 -0.2948301 -0.3052678 -0.3066955 -0.3073404 0.2436720 0.4137267 -0.3045550 -0.0203541 -0.3098441 -0.3096114 -0.3024406 -0.0203699 -0.0184782 -0.0211981 -0.3045348 -0.3075449 -0.3078166 -0.3083428 -0.3088393 -0.3093739 -0.3067467 2.0170960 0.5830368 0.0379908 -0.3099492 -0.3097422 -0.3082015 -0.3056078 -0.2966191 -0.2968907 -0.2971568 -0.2973310 -0.3076427 -0.3079140 -0.3081098 -0.2974269 -0.3023505 -0.3051176 -0.2974518 -0.2973899 -0.2959171 -0.3071590 -0.3062513 -0.3048442 -0.3069500 -0.2982683 -0.3059919 -0.3089847 -0.2981439 -0.0992774 -0.2971079 -0.2969613 -0.2965782 -0.0206141 -0.0212870 -0.0205252 -0.2926334 -0.3048459 -0.3052549 -0.0979539 -0.3044431 -0.2990531 -0.2986514 -0.3028007 -0.2989855 -0.2937487 -0.2967371 -0.2969141 -0.2966104 -0.2969699 -0.2935241
2.0299926 2.3649936 2.0311713 2.0386753 2.0363569 -0.3052899 -0.0158037 -0.0161471 -0.0131363 -0.0148300 -0.0119362 -0.0159869 -0.2968132 -0.2966483 -0.3031332 -0.3010457 -0.2998443 1.9902068 -0.3025124 -0.0965751 -0.2928209 -0.2955821 -0.2967014 -0.2937283 -0.2971451 -0.2974199 -0.2956152 -0.3068891 -0.3083343 -0.3069463 2.0303617 -0.2871837 -0.2959836 -0.3066232 -0.2988630 -0.0950615 -0.2982508 -0.2961699 -0.2983739 -0.2958802 -0.2965577 2.0423675 -0.3029544 -0.3030422 -0.2993861 -0.2980502 -0.2980191 -0.3048114 -0.3066061 -0.3059092 -0.3087123 2.0018713 2.0016687 1.9990795 1.9987061 1.9999132 1.9999200 -0.3070190 -0.2957416 -0.2959501 -0.2972347 -0.2954946 -0.2962724 -0.3053605 -0.3068697 -0.3077608 0.2445491 0.4141577 -0.3045021 -0.0179359 -0.3094211 -0.3092616 -0.3023416 -0.0181335 -0.0161322 -0.0190211 -0.3045430 -0.3077049 -0.3071441 -0.3082746 -0.3087856 -0.3093767 -0.3067739 2.0200131 0.5836702 0.0397430 -0.3104084 -0.3096523 -0.3068210 -0.3041384 -0.2980936 -0.2986022 -0.2985874 -0.2991290 -0.3069589 -0.3069810 -0.3086518 -0.2994334 -0.3030080 -0.3055742 -0.2993672 -0.2993809 -0.2975818 -0.3076589 -0.3065710 -0.3055822 -0.3075986 -0.3001076 -0.3060289 -0.3095108 -0.2998986 -0.0987052 -0.2989874 -0.2986663 -0.2984470 -0.0185738 -0.0196048 -0.0174893 -0.2926578 -0.3050463 -0.3057501 -0.0968980 -0.3045180 -0.2991370 -0.2987820 -0.3018473 -0.2985618 -0.2948503 -0.2983382 -0.2986852 -0.2982782 -0.2984107 -0.2953664
2.0245223 2.0311713 2.3674130 2.0321391 2.0324228 -0.3056706 -0.0165392 -0.0169085 -0.0135603 -0.0154267 -0.0121327 -0.0166657 -0.2959018 -0.2964651 -0.3027295 -0.3011624 -0.2999485 1.9892942 -0.3024480 -0.0967489 -0.2926089 -0.2951882 -0.2961329 -0.2934184 -0.2969694 -0.2975018 -0.2957057 -0.3071357 -0.3081500 -0.3072456 2.0265503 -0.2868015 -0.2950546 -0.3067634 -0.2982846 -0.0953240 -0.2976029 -0.2952083 -0.2975765 -0.2949248 -0.2958237 2.0401459 -0.3032405 -0.3029248 -0.2984798 -0.2972688 -0.2970202 -0.3047322 -0.3063846 -0.3058631 -0.3086318 1.9982756 1.9993052 1.9981920 1.9961511 1.9977483 1.9965684 -0.3070005 -0.2949099 -0.2951847 -0.2963182 -0.2947496 -0.2953914 -0.3046514 -0.3065497 -0.3072816 0.2443768 0.4138972 -0.3040451 -0.0186127 -0.3090817 -0.3087763 -0.3018794 -0.0186576 -0.0166399 -0.0195671 -0.3041253 -0.3070108 -0.3070486 -0.3078544 -0.3085048 -0.3089584 -0.3062148 2.0176728 0.5833791 0.0394099 -0.3096939 -0.3092915 -0.3070839 -0.3047962 -0.2975128 -0.2976953 -0.2979163 -0.2982327 -0.3068283 -0.3071095 -0.3079914 -0.2984467 -0.3024186 -0.3049021 -0.2982590 -0.2985312 -0.2966765 -0.3070437 -0.3060342 -0.3048059 -0.3067942 -0.2992471 -0.3056306 -0.3089753 -0.2989151 -0.0986896 -0.2981411 -0.2978396 -0.2973782 -0.0188871 -0.0198471 -0.0184956 -0.2923903 -0.3048251 -0.3051546 -0.0968828 -0.3039238 -0.2988733 -0.2984321 -0.3019089 -0.2980962 -0.2942747 -0.2975168 -0.2976902 -0.2973090 -0.2977249 -0.2944409
2.0307875 2.0386753 2.0321391 2.3689077 2.0369217 -0.3058618 -0.0156045 -0.0164124 -0.0128053 -0.0149044 -0.0116250 -0.0159998 -0.2974486 -0.2970096 -0.3028046 -0.3013403 -0.3002927 1.9936795 -0.3028461 -0.0968607 -0.2927767 -0.2953465 -0.2966194 -0.2934805 -0.2973668 -0.2976906 -0.2959137 -0.3075050 -0.3082034 -0.3072503 2.0311441 -0.2873497 -0.2968034 -0.3067162 -0.2997533 -0.0954912 -0.2991410 -0.2968076 -0.2990198 -0.2966467 -0.2971540 2.0440612 -0.3034500 -0.3032322 -0.2998722 -0.2988529 -0.2987698 -0.3050890 -0.3065844 -0.3060005 -0.3088967 2.0044458 2.0038786 2.0031390 2.0013936 2.0036714 2.0016699 -0.3071792 -0.2963184 -0.2967007 -0.2978047 -0.2962328 -0.2968181 -0.3050817 -0.3069586 -0.3073895 0.2451784 0.4144681 -0.3042454 -0.0176765 -0.3092215 -0.3091942 -0.3022779 -0.0178526 -0.0157614 -0.0186218 -0.3045186 -0.3071683 -0.3076456 -0.3080397 -0.3086372 -0.3090439 -0.3063442 2.0202556 0.5842472 0.0398909 -0.3100841 -0.3093210 -0.3070896 -0.3048300 -0.2989604 -0.2993718 -0.2993760 -0.2998420 -0.3066919 -0.3072909 -0.3083467 -0.3000158 -0.3027867 -0.3053968 -0.2999489 -0.2999131 -0.2983448 -0.3071762 -0.3063362 -0.3050492 -0.3074438 -0.3007824 -0.3061576 -0.3090063 -0.3004894 -0.0984986 -0.2995504 -0.2992842 -0.2989299 -0.0185938 -0.0188764 -0.0173624 -0.2927085 -0.3050645 -0.3056780 -0.0972978 -0.3043260 -0.2993076 -0.2989157 -0.3022277 -0.2988410 -0.2959308 -0.2991761 -0.2991777 -0.2989924 -0.2992685 -0.2960863
2.0309258 2.0363569 2.0324228 2.0369217 2.3698936 -0.3063985 -0.0164526 -0.0165293 -0.0132744 -0.0152011 -0.0120946 -0.0164140 -0.2970259 -0.2969682 -0.3033126 -0.3017268 -0.3005627 1.9954457 -0.3028393 -0.0969729 -0.2931462 -0.2954076 -0.2966645 -0.2939405 -0.2973197 -0.2977059 -0.2961033 -0.3076769 -0.3085598 -0.3077015 2.0307031 -0.2878961 -0.2964595 -0.3073469 -0.2994009 -0.0955383 -0.2988220 -0.2965468 -0.2987178 -0.2963287 -0.2969195 2.0425832 -0.3038698 -0.3035766 -0.2996627 -0.2984106 -0.2985287 -0.3053930 -0.3066039 -0.3062288 -0.3090981 2.0041680 2.0042720 2.0030832 2.0013585 2.0053904 2.0024166 -0.3074530 -0.2961089 -0.2965283 -0.2974772 -0.2960900 -0.2966851 -0.3055825 -0.3069659 -0.3074980 0.2451414 0.4154156 -0.3045467 -0.0182885 -0.3095934 -0.3090742 -0.3022147 -0.0181863 -0.0165199 -0.0190240 -0.3045220 -0.3074339 -0.3077987 -0.3082243 -0.3088348 -0.3094816 -0.3066799 2.0222087 0.5849622 0.0397227 -0.3101254 -0.3095323 -0.3075189 -0.3049166 -0.2986509 -0.2989680 -0.2989852 -0.2995785 -0.3071538 -0.3073559 -0.3086181 -0.2996708 -0.3025054 -0.3052345 -0.2995441 -0.2996312 -0.2979610 -0.3073638 -0.3063779 -0.3049572 -0.3072378 -0.3001941 -0.3059533 -0.3091727 -0.3001869 -0.0986035 -0.2992726 -0.2991299 -0.2987061 -0.0188864 -0.0194379 -0.0178764 -0.2927355 -0.3052989 -0.3057015 -0.0972477 -0.3046792 -0.2990984 -0.2987343 -0.3021716 -0.2989610 -0.2955830 -0.2987772 -0.2989092 -0.2986185 -0.2989936 -0.2956016
-0.3068604 -0.3052899 -0.3056706 -0.3058618 -0.3063985 1.1214585 -0.2970293 -0.2980285 -0.2988490 -0.2984520 -0.2985205 -0.2984251 -0.3890666 0.3514957 0.3561033 0.3622471 0.3638052 -0.3112988 0.3686747 0.0955226 0.3431888 0.3414753 0.3411630 0.3384102 0.3466064 0.3453819 0.3469628 0.3961387 0.3756637 0.3772121 -0.3063500 0.3419844 -0.3889572 0.3928436 -0.3912936 0.0950166 -0.3915009 -0.3887624 -0.3906446 -0.3886120 -0.3892940 -0.3063481 0.3684376 0.3573872 -0.3915147 -0.3907951 -0.3909499 0.3415535 0.3395405 0.3788954 0.3819889 -0.3118728 -0.3120218 -0.3125907 -0.3106546 -0.3121179 -0.3105073 0.3946913 -0.3882525 -0.3886139 -0.3893269 -0.3881501 -0.3891763 0.3615202 0.3611356 0.3558422 -0.3068736 -0.3123824 0.3573900 -0.2980377 0.3916735 0.4037866 0.3879513 -0.2967550 -0.2963834 -0.2992650 0.3627992 0.3674247 0.3901678 0.3888180 0.3833861 0.3841256 0.3544353 -0.3086008 -0.3224485 -0.2990704 0.3870993 0.3870214 0.3826014 0.3748085 -0.3910570 -0.3910521 -0.3908162 -0.3914541 0.3775217 0.3739348 0.3596043 -0.3913982 0.3525174 0.3497339 -0.3910148 -0.3913375 -0.3902196 0.3573834 0.3563366 0.3620440 0.3615727 -0.3917994 0.3542671 0.3564267 -0.3918418 0.0945370 -0.3909502 -0.3907365 -0.3906150 -0.2997147 -0.2996627 -0.2982249 0.3427210 0.3496609 0.3530286 0.0941014 0.3646911 0.3553827 0.3547807 0.3649323 0.3620578 -0.3879431 -0.3908758 -0.3911231 -0.3908971 -0.3910012 -0.3878435
-0.0183273 -0.0158037 -0.0165392 -0.0156045 -0.0164526 -0.2970293 2.5399036 2.0279963 2.0151746 2.0236528 2.0171638 2.0214422 -0.2926984 -0.2878796 -0.2945967 -0.2921508 -0.2917890 -0.0259872 -0.2934267 -0.0964357 -0.2881505 -0.2887726 -0.2883881 -0.2885314 -0.2889171 -0.2886730 -0.2885525 -0.2982231 -0.2987669 -0.2978642 -0.0175033 -0.2814509 -0.2919001 -0.2979912 -0.2942574 -0.0949757 -0.2944768 -0.2920800 -0.2942037 -0.2920394 -0.2922950 -0.0133618 -0.2939637 -0.2946591 -0.2942073 -0.2936261 -0.2938688 -0.2951296 -0.2968670 -0.2986893 -0.2998518 -0.0215697 -0.0239968 -0.0246361 -0.0235822 -0.0246035 -0.0223003 -0.2985576 -0.2915318 -0.2917972 -0.2931226 -0.2915367 -0.2920032 -0.2934169 -0.2939798 -0.2970384 1.7861807 1.6388757 -0.2940325 2.0343664 -0.2990167 -0.2990170 -0.2984243 2.0324314 2.0135694 2.0311265 -0.2939689 -0.2971689 -0.2981436 -0.2992952 -0.2996075 -0.2993548 -0.2964834 -0.0095766 1.5320148 1.9472455 -0.2988990 -0.2988561 -0.2972933 -0.2957165 -0.2941316 -0.2940234 -0.2943132 -0.2945517 -0.2975865 -0.2972926 -0.2981153 -0.2939830 -0.2926519 -0.2950272 -0.2943005 -0.2943711 -0.2925572 -0.2973580 -0.2969616 -0.2955538 -0.2965913 -0.2947012 -0.2965075 -0.2985047 -0.2948819 -0.0968061 -0.2941358 -0.2931207 -0.2934330 2.0229256 2.0135162 2.0422761 -0.2844080 -0.2955744 -0.2953955 -0.0967392 -0.2955437 -0.2915052 -0.2909120 -0.2948438 -0.2905674 -0.2911987 -0.2934963 -0.2939554 -0.2937578 -0.2936910 -0.2912286
-0.0187916 -0.0161471 -0.0169085 -0.0164124 -0.0165293 -0.2980285 2.0279963 2.5581851 2.0234454 2.0269492 2.0198414 2.0299909 -0.2934946 -0.2886833 -0.2958153 -0.2933529 -0.2928490 -0.0267064 -0.2947382 -0.0977042 -0.2892123 -0.2896087 -0.2897417 -0.2895167 -0.2898481 -0.2899620 -0.2898037 -0.2994950 -0.3000996 -0.2987466 -0.0182547 -0.2824343 -0.2924621 -0.2988660 -0.2951350 -0.0964596 -0.2953434 -0.2925895 -0.2951647 -0.2928567 -0.2930536 -0.0141923 -0.2949986 -0.2958099 -0.2948154 -0.2943793 -0.2945287 -0.2960506 -0.2975463 -0.2998176 -0.3010314 -0.0220041 -0.0246548 -0.0253226 -0.0238044 -0.0249271 -0.0227583 -0.2998272 -0.2924610 -0.2924362 -0.2939789 -0.2923510 -0.2927038 -0.2940856 -0.2951226 -0.2980792 1.7958624 1.6517689 -0.2952026 2.0349197 -0.3005630 -0.3005865 -0.2993405 2.0395200 2.0169652 2.0444548 -0.2953844 -0.2984128 -0.2994249 -0.3008527 -0.3005061 -0.3004310 -0.2975139 -0.0100433 1.5389905 1.9553882 -0.3000306 -0.2996826 -0.2986819 -0.2967950 -0.2950571 -0.2947167 -0.2952740 -0.2953153 -0.2986278 -0.2981350 -0.2992101 -0.2947546 -0.2936838 -0.2959935 -0.2950636 -0.2949363 -0.2932004 -0.2983788 -0.2978606 -0.2966244 -0.2975594 -0.2954546 -0.2977918 -0.2995906 -0.2955511 -0.0981333 -0.2948394 -0.2939150 -0.2940905 2.0302589 2.0199835 2.0436046 -0.2856247 -0.2968473 -0.2964705 -0.0980120 -0.2966413 -0.2927588 -0.2920026 -0.2960057 -0.2916528 -0.2920607 -0.2941100 -0.2946853 -0.2947067 -0.2943508 -0.2919655
-0.0152713 -0.0131363 -0.0135603 -0.0128053 -0.0132744 -0.2988490 2.0151746 2.0234454 2.5416102 2.0230963 2.0189233 2.0294652 -0.2918943 -0.2890546 -0.2953486 -0.2934397 -0.2931918 -0.0226921 -0.2951401 -0.0995220 -0.2893592 -0.2893771 -0.2895538 -0.2896717 -0.2899972 -0.2902655 -0.2899050 -0.2998145 -0.3001342 -0.2993373 -0.0148698 -0.2835324 -0.2912743 -0.2996034 -0.2937142 -0.0980971 -0.2937652 -0.2914194 -0.2936570 -0.2913579 -0.2917528 -0.0108148 -0.2958160 -0.2958577 -0.2935622 -0.2929706 -0.2934221 -0.2961934 -0.2976398 -0.3000703 -0.3015449 -0.0186748 -0.0207737 -0.0211661 -0.0203536 -0.0211843 -0.0194245 -0.3000300 -0.2909374 -0.2911559 -0.2924373 -0.2912251 -0.2913899 -0.2942496 -0.2949946 -0.2977324 1.7894441 1.6409351 -0.2956546 2.0236337 -0.3001770 -0.3005167 -0.2994509 2.0347888 2.0122099 2.0340185 -0.2949191 -0.2981297 -0.2997643 -0.3005518 -0.3003788 -0.3004599 -0.2973136 -0.0057593 1.5408989 1.9474319 -0.2995227 -0.2999477 -0.2990769 -0.2973808 -0.2936939 -0.2934925 -0.2937687 -0.2939196 -0.2989305 -0.2985547 -0.2986171 -0.2930586 -0.2931548 -0.2955239 -0.2933677 -0.2934087 -0.2917235 -0.2981569 -0.2975657 -0.2958676 -0.2968949 -0.2937419 -0.2971709 -0.2993777 -0.2939920 -0.0990393 -0.2932014 -0.2922408 -0.2924405 2.0180728 2.0220828 2.0336375 -0.2856297 -0.2962311 -0.2964625 -0.0996619 -0.2964108 -0.2922873 -0.2917686 -0.2959879 -0.2918661 -0.2908254 -0.2925957 -0.2931144 -0.2929311 -0.2930052 -0.2906650
-0.0173697 -0.0148300 -0.0154267 -0.0149044 -0.0152011 -0.2984520 2.0236528 2.0269492 2.0230963 2.5469549 2.0214179 2.0329504 -0.2930881 -0.2890284 -0.2954861 -0.2934545 -0.2930402 -0.0246278 -0.2945750 -0.0982402 -0.2890535 -0.2892849 -0.2892790 -0.2895403 -0.2900100 -0.2898750 -0.2898259 -0.2994761 -0.2999024 -0.2991775 -0.0165049 -0.2829553 -0.2923360 -0.2991127 -0.2949940 -0.0969945 -0.2950941 -0.2924421 -0.2947620 -0.2925560 -0.2928497 -0.0126799 -0.2952723 -0.2958301 -0.2947280 -0.2942785 -0.2945040 -0.2961531 -0.2976258 -0.2998475 -0.3012689 -0.0206058 -0.0227217 -0.0232659 -0.0224197 -0.0231993 -0.0214424 -0.2998149 -0.2920344 -0.2925995 -0.2937455 -0.2922647 -0.2923984 -0.2941551 -0.2948486 -0.2978010 1.7929939 1.6420735 -0.2954016 2.0339422 -0.3001673 -0.3003208 -0.2994839 2.0393248 2.0147672 2.0381556 -0.2949792 -0.2981827 -0.2995498 -0.3006704 -0.3004683 -0.3002917 -0.2974426 -0.0079255 1.5434021 1.9502606 -0.2996393 -0.2997209 -0.2988843 -0.2968454 -0.2949158 -0.2946414 -0.2950432 -0.2952874 -0.2987761 -0.2980789 -0.2988626 -0.2943763 -0.2931715 -0.2955797 -0.2947552 -0.2947517 -0.2930442 -0.2980643 -0.2978833 -0.2960078 -0.2971066 -0.2950792 -0.2973869 -0.2993808 -0.2952319 -0.0983574 -0.2946186 -0.2936909 -0.2939092 2.0243165 2.0255573 2.0434923 -0.2855110 -0.2963316 -0.2966010 -0.0985712 -0.2965667 -0.2923959 -0.2918078 -0.2959802 -0.2914521 -0.2918852 -0.2939267 -0.2945359 -0.2942674 -0.2943767 -0.2919659
-0.0138485 -0.0119362 -0.0121327 -0.0116250 -0.0120946 -0.2985205 2.0171638 2.0198414 2.0189233 2.0214179 2.5343013 2.0313575 -0.2918162 -0.2890395 -0.2957407 -0.2933952 -0.2934611 -0.0216520 -0.2946785 -0.0987607 -0.2891026 -0.2892470 -0.2892576 -0.2892586 -0.2901030 -0.2899363 -0.2899169 -0.2997817 -0.2999296 -0.2992881 -0.0137041 -0.2830859 -0.2911627 -0.2995026 -0.2935777 -0.0973551 -0.2938060 -0.2910562 -0.2935603 -0.2913205 -0.2916017 -0.0095635 -0.2956625 -0.2956709 -0.2934615 -0.2928665 -0.2932660 -0.2958620 -0.2973979 -0.2999202 -0.3012682 -0.0177035 -0.0198835 -0.0201718 -0.0195023 -0.0202481 -0.0186490 -0.2999383 -0.2908809 -0.2910132 -0.2923872 -0.2909370 -0.2912402 -0.2941268 -0.2949742 -0.2978144 1.7892156 1.6379088 -0.2953922 2.0198545 -0.3003170 -0.3003282 -0.2996658 2.0354018 2.0066354 2.0327797 -0.2949557 -0.2983729 -0.2996547 -0.3005582 -0.3006956 -0.3000987 -0.2972922 -0.0048372 1.5431122 1.9438453 -0.2997761 -0.3000131 -0.2989814 -0.2973892 -0.2936267 -0.2933876 -0.2936782 -0.2937794 -0.2987201 -0.2984360 -0.2985697 -0.2930390 -0.2932332 -0.2953637 -0.2934358 -0.2933711 -0.2916689 -0.2982412 -0.2973013 -0.2957455 -0.2971430 -0.2937753 -0.2972168 -0.2991215 -0.2940006 -0.0987117 -0.2932386 -0.2923301 -0.2924815 2.0125244 2.0241637 2.0294325 -0.2853947 -0.2962488 -0.2964095 -0.0987181 -0.2965587 -0.2923588 -0.2917040 -0.2959661 -0.2918006 -0.2907720 -0.2927257 -0.2931796 -0.2929831 -0.2929936 -0.2906982
-0.0186374 -0.0159869 -0.0166657 -0.0159998 -0.0164140 -0.2984251 2.0214422 2.0299909 2.0294652 2.0329504 2.0313575 2.5559485 -0.2944224 -0.2888639 -0.2951236 -0.2931892 -0.2933725 -0.0257123 -0.2944255 -0.0981477 -0.2891069 -0.2892441 -0.2893378 -0.2892387 -0.2899806 -0.2895729 -0.2896507 -0.2994897 -0.3001692 -0.2989635 -0.0177837 -0.2832452 -0.2938676 -0.2995909 -0.2962871 -0.0968625 -0.2963975 -0.2939380 -0.2962302 -0.2940372 -0.2941654 -0.0137237 -0.2956897 -0.2956690 -0.2962259 -0.2955464 -0.2960269 -0.2959095 -0.2974660 -0.2999215 -0.3011150 -0.0218354 -0.0237228 -0.0240877 -0.0233686 -0.0243631 -0.0224719 -0.2997237 -0.2935201 -0.2936583 -0.2949244 -0.2935565 -0.2940123 -0.2938644 -0.2946043 -0.2974816 1.7977132 1.6452061 -0.2951841 2.0322480 -0.2999578 -0.3002098 -0.2993452 2.0460138 2.0189192 2.0454226 -0.2947931 -0.2978596 -0.2995248 -0.3007393 -0.3002238 -0.3001434 -0.2970498 -0.0091124 1.5520300 1.9531810 -0.2991400 -0.2993116 -0.2988650 -0.2969013 -0.2962047 -0.2959935 -0.2963857 -0.2966113 -0.2984774 -0.2980265 -0.2983392 -0.2957197 -0.2929911 -0.2954364 -0.2962463 -0.2959744 -0.2943839 -0.2976745 -0.2974234 -0.2959549 -0.2972414 -0.2965057 -0.2973546 -0.2989634 -0.2966929 -0.0977872 -0.2958510 -0.2949555 -0.2951753 2.0246449 2.0349269 2.0412881 -0.2852746 -0.2961823 -0.2962320 -0.0986355 -0.2964740 -0.2921756 -0.2918016 -0.2959405 -0.2915670 -0.2931699 -0.2952807 -0.2958705 -0.2957439 -0.2956497 -0.2932123
-0.2950663 -0.2968132 -0.2959018 -0.2974486 -0.2970259 -0.3890666 -0.2926984 -0.2934946 -0.2918943 -0.2930881 -0.2918162 -0.2944224 1.2111231 -0.3727290 -0.3814369 -0.3805678 -0.3822749 -0.2997629 -0.3842917 -0.1787278 -0.3745941 -0.3730044 -0.3737589 -0.3707053 -0.3758616 -0.3765259 -0.3748699 -0.3889898 -0.3891281 -0.3876708 -0.2933028 -0.3644105 0.9235853 -0.3825253 0.8984172 -0.1798782 0.9001201 0.9228236 0.8989345 0.9219264 0.9230204 -0.2983675 -0.3843127 -0.3804142 0.9004882 0.8982755 0.9010761 -0.3507741 -0.3535619 -0.3881502 -0.3903327 -0.3007154 -0.3021707 -0.3022343 -0.3018306 -0.3025779 -0.3021541 -0.3891909 0.9177288 0.9206451 0.9267610 0.9193357 0.9234042 -0.3791396 -0.3790176 -0.3826814 -0.2992955 -0.3021193 -0.3814177 -0.2954693 -0.3902073 -0.3879515 -0.3849758 -0.2987530 -0.2932799 -0.2951340 -0.3783564 -0.3842188 -0.3845501 -0.3834837 -0.3834254 -0.3844976 -0.3831471 -0.2949550 -0.3150917 -0.2875731 -0.3838511 -0.3919383 -0.3906766 -0.3864146 0.8989763 0.9015335 0.9023471 0.9017187 -0.3896265 -0.3884425 -0.3796591 0.9049214 -0.3722682 -0.3745533 0.9007732 0.9009475 0.8971235 -0.3768937 -0.3782037 -0.3751873 -0.3764735 0.9029206 -0.3728283 -0.3890279 0.9026568 -0.1835106 0.9011983 0.9008589 0.9005265 -0.2913267 -0.2911564 -0.2963058 -0.3638213 -0.3715391 -0.3768483 -0.1790665 -0.3740695 -0.3623153 -0.3650132 -0.3762250 -0.3727671 0.9194633 0.9023808 0.9016440 0.9003137 0.8988712 0.9182364
-0.2972941 -0.2966483 -0.2964651 -0.2970096 -0.2969682 0.3514957 -0.2878796 -0.2886833 -0.2890546 -0.2890284 -0.2890395 -0.2888639 -0.3727290 1.1093470 0.4076851 0.4101521 0.4128677 -0.3005693 0.3702204 0.1065691 0.3561785 0.3545933 0.3571386 0.3526596 0.3571763 0.3579091 0.3553174 0.3483412 0.3439963 0.3419696 -0.2970180 0.3471178 -0.3730409 0.3509904 -0.3755748 0.1058978 -0.3755195 -0.3727966 -0.3750817 -0.3728653 -0.3730086 -0.2971312 0.3414435 0.3391571 -0.3752199 -0.3749885 -0.3748806 0.3174659 0.3230221 0.3431460 0.3464965 -0.3026532 -0.3022175 -0.3026362 -0.3013886 -0.3024185 -0.3014345 0.3495680 -0.3721861 -0.3726228 -0.3735830 -0.3725941 -0.3729980 0.3519600 0.3502937 0.3366899 -0.2962437 -0.3015699 0.3375042 -0.2885275 0.3515201 0.3477449 0.3487752 -0.2872513 -0.2862937 -0.2893550 0.3433520 0.3514506 0.3466518 0.3483403 0.3474272 0.3468519 0.3352542 -0.2973495 -0.3115298 -0.2886749 0.3414918 0.3504598 0.3547252 0.3576002 -0.3752011 -0.3753523 -0.3749501 -0.3758094 0.3562885 0.3497877 0.3371578 -0.3748565 0.3390451 0.3376608 -0.3747092 -0.3751563 -0.3741392 0.3479035 0.3371401 0.3403650 0.3399065 -0.3754035 0.3432291 0.3396820 -0.3752536 0.1063243 -0.3749714 -0.3743197 -0.3746125 -0.2895349 -0.2894984 -0.2888595 0.3422510 0.3342775 0.3360377 0.1063030 0.3463805 0.3490416 0.3572152 0.3525863 0.3642975 -0.3723779 -0.3749045 -0.3750449 -0.3750321 -0.3749933 -0.3721843
-0.3032480 -0.3031332 -0.3027295 -0.3028046 -0.3033126 0.3561033 -0.2945967 -0.2958153 -0.2953486 -0.2954861 -0.2957407 -0.2951236 -0.3814369 0.4076851 1.1195259 0.4263176 0.4377445 -0.3047660 0.3824027 0.1027642 0.3620206 0.3617776 0.3630011 0.3626721 0.3581488 0.3668869 0.3614639 0.3609953 0.3513813 0.3466953 -0.3031071 0.3487905 -0.3819011 0.3528010 -0.3843113 0.1019152 -0.3843896 -0.3816923 -0.3839537 -0.3817504 -0.3817252 -0.3032257 0.3402887 0.3416148 -0.3838738 -0.3839122 -0.3841055 0.3229222 0.3264492 0.3440938 0.3497731 -0.3087826 -0.3075678 -0.3070300 -0.3071702 -0.3071273 -0.3074257 0.3578460 -0.3811640 -0.3816094 -0.3821021 -0.3814660 -0.3818038 0.3582176 0.3663576 0.3471633 -0.3023296 -0.3077306 0.3434103 -0.2948658 0.3595530 0.3544093 0.3584907 -0.2930456 -0.2923748 -0.2959841 0.3510352 0.3640785 0.3525735 0.3584853 0.3531587 0.3557628 0.3446557 -0.3030860 -0.3180487 -0.2949212 0.3559193 0.3617083 0.3609535 0.3634528 -0.3841656 -0.3843953 -0.3841044 -0.3845856 0.3687659 0.3586154 0.3459931 -0.3833635 0.3433225 0.3481196 -0.3830526 -0.3838781 -0.3831315 0.3624117 0.3407174 0.3532615 0.3492742 -0.3838708 0.3552822 0.3502312 -0.3838102 0.1076363 -0.3832352 -0.3831037 -0.3832946 -0.2960657 -0.2953515 -0.2952547 0.3485623 0.3417909 0.3386190 0.1022366 0.3503477 0.3624803 0.3706776 0.3617185 0.3730034 -0.3816560 -0.3836655 -0.3835523 -0.3838925 -0.3840841 -0.3812102
-0.3017904 -0.3010457 -0.3011624 -0.3013403 -0.3017268 0.3622471 -0.2921508 -0.2933529 -0.2934397 -0.2934545 -0.2933952 -0.2931892 -0.3805678 0.4101521 0.4263176 1.1095424 0.4260382 -0.3046292 0.3768283 0.1053994 0.3600417 0.3597759 0.3633870 0.3597390 0.3608976 0.3656191 0.3620734 0.3601035 0.3523240 0.3486266 -0.3013148 0.3542829 -0.3810168 0.3556676 -0.3833985 0.1058259 -0.3834937 -0.3805558 -0.3832853 -0.3806994 -0.3808253 -0.3013982 0.3474432 0.3385886 -0.3831998 -0.3829750 -0.3831298 0.3213658 0.3244843 0.3507735 0.3529178 -0.3068816 -0.3066038 -0.3066882 -0.3058135 -0.3067656 -0.3058214 0.3622098 -0.3803074 -0.3804784 -0.3815448 -0.3802911 -0.3809924 0.3499219 0.3521507 0.3374585 -0.3007201 -0.3061536 0.3459717 -0.2926821 0.3624618 0.3594777 0.3583338 -0.2911999 -0.2905244 -0.2937711 0.3496129 0.3599153 0.3572057 0.3616701 0.3540885 0.3587069 0.3429145 -0.3025296 -0.3161087 -0.2931977 0.3543944 0.3604029 0.3622119 0.3595474 -0.3833043 -0.3832348 -0.3831395 -0.3835698 0.3614268 0.3605480 0.3430991 -0.3828658 0.3413071 0.3413485 -0.3825450 -0.3829379 -0.3820900 0.3516501 0.3410475 0.3496732 0.3478563 -0.3833596 0.3473996 0.3454668 -0.3832050 0.1081283 -0.3825203 -0.3825260 -0.3824082 -0.2938272 -0.2940382 -0.2930802 0.3475793 0.3367929 0.3384099 0.1051142 0.3514829 0.3570557 0.3616016 0.3578500 0.3708529 -0.3801752 -0.3827691 -0.3829992 -0.3830643 -0.3830299 -0.3799753
-0.3013185 -0.2998443 -0.2999485 -0.3002927 -0.3005627 0.3638052 -0.2917890 -0.2928490 -0.2931918 -0.2930402 -0.2934611 -0.2933725 -0.3822749 0.4128677 0.4377445 0.4260382 1.1237693 -0.3049827 0.3837435 0.1071099 0.3630593 0.3602298 0.3610292 0.3585011 0.3622060 0.3691026 0.3622178 0.3593090 0.3498465 0.3455333 -0.3005101 0.3529749 -0.3820795 0.3576197 -0.3847071 0.1075625 -0.3846400 -0.3821011 -0.3842855 -0.3820052 -0.3824698 -0.3006807 0.3468406 0.3430413 -0.3844969 -0.3842373 -0.3842048 0.3232846 0.3237987 0.3493662 0.3523221 -0.3060321 -0.3061522 -0.3065548 -0.3051251 -0.3065422 -0.3051908 0.3556061 -0.3815472 -0.3821513 -0.3828151 -0.3816348 -0.3826043 0.3536190 0.3531347 0.3399961 -0.3012203 -0.3067035 0.3455805 -0.2921497 0.3603582 0.3555880 0.3555659 -0.2910047 -0.2906212 -0.2939449 0.3511514 0.3613228 0.3564001 0.3578230 0.3522644 0.3540478 0.3438110 -0.3024459 -0.3162673 -0.2935924 0.3508600 0.3615727 0.3675694 0.3680755 -0.3843221 -0.3845630 -0.3844762 -0.3851292 0.3694711 0.3594675 0.3388534 -0.3843775 0.3360994 0.3398706 -0.3841698 -0.3845308 -0.3833897 0.3519170 0.3379272 0.3489565 0.3439407 -0.3848016 0.3483517 0.3426174 -0.3849300 0.1070606 -0.3843267 -0.3839878 -0.3841423 -0.2940418 -0.2939596 -0.2926255 0.3495252 0.3351737 0.3390111 0.1058077 0.3514109 0.3592814 0.3677825 0.3619600 0.3757593 -0.3815541 -0.3841952 -0.3844152 -0.3842457 -0.3841953 -0.3815228
1.9949607 1.9902068 1.9892942 1.9936795 1.9954457 -0.3112988 -0.0259872 -0.0267064 -0.0226921 -0.0246278 -0.0216520 -0.0257123 -0.2997629 -0.3005693 -0.3047660 -0.3046292 -0.3049827 2.4308491 -0.3069476 -0.1027484 -0.2959488 -0.2985175 -0.2993887 -0.2965343 -0.3008245 -0.3011259 -0.2991909 -0.3118475 -0.3123684 -0.3115127 1.9810690 -0.2926789 -0.2998123 -0.3122220 -0.3029292 -0.1014155 -0.3023014 -0.2999219 -0.3022206 -0.2996178 -0.2997147 1.9926752 -0.3090228 -0.3070999 -0.3025935 -0.3017217 -0.3019221 -0.3079894 -0.3089818 -0.3101000 -0.3129078 2.1143146 2.1171777 2.1206882 2.1131618 2.1207218 2.1142077 -0.3113536 -0.2994590 -0.2996627 -0.3003769 -0.2995660 -0.2999011 -0.3076549 -0.3089310 -0.3091698 0.2349797 0.4040084 -0.3073711 -0.0272720 -0.3125371 -0.3124612 -0.3052088 -0.0268353 -0.0251060 -0.0281105 -0.3065530 -0.3099873 -0.3112751 -0.3106493 -0.3117216 -0.3116578 -0.3089109 1.9913545 0.5705588 0.0309253 -0.3107876 -0.3118339 -0.3125950 -0.3094773 -0.3020666 -0.3023769 -0.3026611 -0.3026735 -0.3110326 -0.3112444 -0.3096355 -0.3019724 -0.3039171 -0.3063914 -0.3019548 -0.3022697 -0.3009302 -0.3087472 -0.3082936 -0.3067011 -0.3082056 -0.3030972 -0.3074568 -0.3107314 -0.3025938 -0.1021577 -0.3021062 -0.3016013 -0.3015054 -0.0276838 -0.0276661 -0.0275346 -0.2956937 -0.3069164 -0.3081278 -0.1026907 -0.3073517 -0.3012189 -0.3016167 -0.3062307 -0.3028085 -0.2991406 -0.3019184 -0.3019148 -0.3018778 -0.3022075 -0.2989717
-0.3034168 -0.3025124 -0.3024480 -0.3028461 -0.3028393 0.3686747 -0.2934267 -0.2947382 -0.2951401 -0.2945750 -0.2946785 -0.2944255 -0.3842917 0.3702204 0.3824027 0.3768283 0.3837435 -0.3069476 1.1232828 0.1057670 0.3512904 0.3485256 0.3501826 0.3504762 0.3532081 0.3579753 0.3535396 0.3659195 0.3493600 0.3520704 -0.3031960 0.3475420 -0.3844799 0.3625325 -0.3872831 0.1060546 -0.3871295 -0.3846307 -0.3867576 -0.3842914 -0.3846208 -0.3029248 0.3480919 0.3382871 -0.3869862 -0.3867554 -0.3867134 0.3234117 0.3252530 0.3509668 0.3558515 -0.3086177 -0.3079978 -0.3082314 -0.3073635 -0.3083164 -0.3074145 0.3662239 -0.3840322 -0.3843258 -0.3852153 -0.3842544 -0.3848296 0.3669412 0.3722916 0.3410945 -0.3022035 -0.3080862 0.3431237 -0.2939909 0.3687155 0.3635628 0.3673503 -0.2926556 -0.2917323 -0.2953168 0.3590653 0.3709185 0.3604280 0.3625170 0.3640905 0.3635596 0.3403650 -0.3041985 -0.3181538 -0.2950993 0.3599948 0.3711241 0.3817898 0.3775748 -0.3870332 -0.3869324 -0.3868029 -0.3874740 0.3807004 0.3770708 0.3426439 -0.3865012 0.3395891 0.3407556 -0.3862051 -0.3867278 -0.3858761 0.3654991 0.3409430 0.3551663 0.3467863 -0.3870106 0.3628190 0.3472794 -0.3868555 0.1077269 -0.3865506 -0.3863434 -0.3864046 -0.2952602 -0.2952638 -0.2942030 0.3491921 0.3350515 0.3369097 0.1047665 0.3623699 0.3831655 0.3944364 0.3842781 0.4082773 -0.3841780 -0.3863607 -0.3867625 -0.3869016 -0.3867151 -0.3837462
-0.0980900 -0.0965751 -0.0967489 -0.0968607 -0.0969729 0.0955226 -0.0964357 -0.0977042 -0.0995220 -0.0982402 -0.0987607 -0.0981477 -0.1787278 0.1065691 0.1027642 0.1053994 0.1071099 -0.1027484 0.1057670 1.1460450 0.1091256 0.1102628 0.1112700 0.1105811 0.1096897 0.1110229 0.1104405 0.0926182 0.0926568 0.0935050 -0.0971530 0.1118135 -0.1784118 0.0919449 -0.1812078 0.7891193 -0.1811651 -0.1781922 -0.1811138 -0.1788282 -0.1782771 -0.0956082 0.0965543 0.0946651 -0.1811987 -0.1814698 -0.1806980 0.0875701 0.0873432 0.0918081 0.0904407 -0.1007976 -0.1023981 -0.1029991 -0.1013832 -0.1027889 -0.1011044 0.0932412 -0.1783546 -0.1784149 -0.1787148 -0.1777999 -0.1788757 0.0924846 0.0919482 0.0903409 -0.1048332 -0.1081265 0.0955877 -0.0974076 0.0919126 0.0904626 0.0871764 -0.0959845 -0.0951277 -0.0993131 0.0944971 0.0937857 0.0889697 0.0898928 0.0896022 0.0907762 0.0961248 -0.0991680 -0.1111626 -0.1009530 0.0903983 0.0939368 0.0993870 0.0973601 -0.1806142 -0.1809039 -0.1809864 -0.1815306 0.0982993 0.0978467 0.0882623 -0.1818419 0.0892227 0.0916647 -0.1815251 -0.1818692 -0.1811439 0.0907201 0.0902398 0.0925437 0.0820226 -0.1817718 0.0903962 0.0936268 -0.1820592 0.7906427 -0.1813920 -0.1820002 -0.1818553 -0.0999728 -0.1003331 -0.0956856 0.1112003 0.0893455 0.0912842 0.7943247 0.0915484 0.0970120 0.1007115 0.0990164 0.1037624 -0.1788284 -0.1816890 -0.1818748 -0.1813567 -0.1813213 -0.1783199
-0.2930532 -0.2928209 -0.2926089 -0.2927767 -0.2931462 0.3431888 -0.2881505 -0.2892123 -0.2893592 -0.2890535 -0.2891026 -0.2891069 -0.3745941 0.3561785 0.3620206 0.3600417 0.3630593 -0.2959488 0.3512904 0.1091256 1.1049709 0.4181355 0.4184634 0.4151791 0.4157743 0.4136379 0.4117253 0.3420481 0.3427342 0.3422241 -0.2929545 0.3873314 -0.3753805 0.3397191 -0.3775790 0.1090673 -0.3776743 -0.3747963 -0.3769789 -0.3748110 -0.3749154 -0.2930261 0.3361934 0.3385862 -0.3770995 -0.3771236 -0.3773099 0.3215465 0.3227989 0.3411280 0.3427441 -0.2984153 -0.2975570 -0.2972754 -0.2969980 -0.2970601 -0.2972104 0.3414939 -0.3743309 -0.3746977 -0.3753950 -0.3747322 -0.3751300 0.3383774 0.3367606 0.3359300 -0.2956499 -0.3006580 0.3343073 -0.2889129 0.3487257 0.3474311 0.3421887 -0.2871152 -0.2862162 -0.2896286 0.3371328 0.3407476 0.3425043 0.3423151 0.3424913 0.3386092 0.3389150 -0.2936454 -0.3102993 -0.2886718 0.3414063 0.3434424 0.3412518 0.3435854 -0.3771960 -0.3776954 -0.3772489 -0.3775709 0.3402121 0.3434413 0.3416904 -0.3767505 0.3385551 0.3331563 -0.3763788 -0.3767914 -0.3761443 0.3364242 0.3372966 0.3412392 0.3377708 -0.3769688 0.3348393 0.3451709 -0.3768520 0.1129908 -0.3767370 -0.3761285 -0.3765571 -0.2898354 -0.2894726 -0.2891728 0.3354698 0.3348670 0.3372434 0.1099171 0.3339674 0.3379029 0.3415420 0.3374103 0.3482141 -0.3751416 -0.3769935 -0.3769523 -0.3772145 -0.3770333 -0.3740555
-0.2957032 -0.2955821 -0.2951882 -0.2953465 -0.2954076 0.3414753 -0.2887726 -0.2896087 -0.2893771 -0.2892849 -0.2892470 -0.2892441 -0.3730044 0.3545933 0.3617776 0.3597759 0.3602298 -0.2985175 0.3485256 0.1102628 0.4181355 1.1001568 0.4183344 0.4138829 0.4145835 0.4114371 0.4130188 0.3390521 0.3430035 0.3427570 -0.2954578 0.3791189 -0.3733110 0.3383662 -0.3759549 0.1094348 -0.3758942 -0.3732415 -0.3754807 -0.3730953 -0.3733503 -0.2957322 0.3411866 0.3403935 -0.3756344 -0.3755017 -0.3754338 0.3219649 0.3271877 0.3384424 0.3409722 -0.3013781 -0.3002514 -0.3000928 -0.2997990 -0.2999856 -0.3001343 0.3405814 -0.3727620 -0.3729545 -0.3737077 -0.3730646 -0.3730642 0.3372657 0.3388388 0.3396559 -0.2962521 -0.3014508 0.3395202 -0.2889045 0.3439722 0.3410404 0.3380902 -0.2874112 -0.2867163 -0.2899019 0.3354724 0.3393141 0.3386456 0.3413252 0.3378480 0.3399646 0.3430952 -0.2961470 -0.3112270 -0.2891247 0.3405173 0.3454626 0.3434134 0.3389784 -0.3757524 -0.3760717 -0.3756396 -0.3762931 0.3429199 0.3406695 0.3418677 -0.3750087 0.3392594 0.3391991 -0.3747033 -0.3751004 -0.3745940 0.3366841 0.3379790 0.3406303 0.3399172 -0.3754572 0.3348384 0.3478863 -0.3755255 0.1139494 -0.3748685 -0.3746737 -0.3749160 -0.2900830 -0.2896352 -0.2894557 0.3349144 0.3384483 0.3407052 0.1107471 0.3357736 0.3390695 0.3420337 0.3380180 0.3475362 -0.3729178 -0.3751341 -0.3755817 -0.3755488 -0.3754060 -0.3724677
-0.2966811 -0.2967014 -0.2961329 -0.2966194 -0.2966645 0.3411630 -0.2883881 -0.2897417 -0.2895538 -0.2892790 -0.2892576 -0.2893378 -0.3737589 0.3571386 0.3630011 0.3633870 0.3610292 -0.2993887 0.3501826 0.1112700 0.4184634 0.4183344 1.1021470 0.4172861 0.4116210 0.4163072 0.4219168 0.3421513 0.3408424 0.3438383 -0.2964965 0.3815803 -0.3742618 0.3397644 -0.3769396 0.1111932 -0.3769342 -0.3743330 -0.3767265 -0.3741049 -0.3742207 -0.2967899 0.3385354 0.3445154 -0.3764654 -0.3765138 -0.3765475 0.3197303 0.3266624 0.3403794 0.3423090 -0.3023647 -0.3015243 -0.3009396 -0.3011963 -0.3007329 -0.3010865 0.3432717 -0.3737974 -0.3738683 -0.3748152 -0.3741838 -0.3744440 0.3361025 0.3372002 0.3410468 -0.2962191 -0.3016043 0.3388539 -0.2889566 0.3489105 0.3455196 0.3406652 -0.2874919 -0.2862942 -0.2897735 0.3377655 0.3402579 0.3405088 0.3413783 0.3379464 0.3400133 0.3436921 -0.2970712 -0.3115760 -0.2889589 0.3422363 0.3444795 0.3390555 0.3388627 -0.3767652 -0.3768561 -0.3768471 -0.3770435 0.3403570 0.3409478 0.3405290 -0.3761385 0.3401244 0.3384089 -0.3757744 -0.3762736 -0.3753624 0.3364548 0.3407141 0.3390808 0.3401758 -0.3764169 0.3365152 0.3490700 -0.3762157 0.1149883 -0.3759623 -0.3755828 -0.3760386 -0.2898892 -0.2897511 -0.2894135 0.3369300 0.3381633 0.3418468 0.1119740 0.3342887 0.3398387 0.3419853 0.3381786 0.3436823 -0.3742709 -0.3761389 -0.3764684 -0.3764659 -0.3765398 -0.3734169
-0.2936664 -0.2937283 -0.2934184 -0.2934805 -0.2939405 0.3384102 -0.2885314 -0.2895167 -0.2896717 -0.2895403 -0.2892586 -0.2892387 -0.3707053 0.3526596 0.3626721 0.3597390 0.3585011 -0.2965343 0.3504762 0.1105811 0.4151791 0.4138829 0.4172861 1.0926753 0.4100066 0.4062738 0.4049171 0.3386691 0.3402110 0.3391522 -0.2936271 0.3811816 -0.3713104 0.3369936 -0.3737627 0.1100232 -0.3738080 -0.3711775 -0.3736748 -0.3709130 -0.3709855 -0.2942554 0.3370765 0.3371837 -0.3734441 -0.3733207 -0.3735303 0.3194872 0.3233832 0.3368675 0.3376955 -0.2993409 -0.2985004 -0.2981876 -0.2977919 -0.2982667 -0.2981053 0.3420924 -0.3706498 -0.3710214 -0.3718050 -0.3708702 -0.3714899 0.3371063 0.3366778 0.3342091 -0.2958039 -0.3010598 0.3365932 -0.2890014 0.3478754 0.3386086 0.3404625 -0.2876917 -0.2866623 -0.2898277 0.3376552 0.3363413 0.3383621 0.3389193 0.3400572 0.3399761 0.3397893 -0.2944315 -0.3109725 -0.2889823 0.3407271 0.3424858 0.3378940 0.3401141 -0.3736570 -0.3736406 -0.3736663 -0.3739637 0.3400386 0.3406124 0.3378393 -0.3728069 0.3369797 0.3347089 -0.3726993 -0.3731787 -0.3725103 0.3376239 0.3392465 0.3362752 0.3399949 -0.3731960 0.3352462 0.3434298 -0.3732789 0.1134212 -0.3729003 -0.3726045 -0.3726332 -0.2901623 -0.2899028 -0.2898216 0.3359143 0.3337391 0.3357014 0.1107361 0.3350248 0.3394177 0.3402779 0.3352105 0.3468073 -0.3708239 -0.3732772 -0.3732271 -0.3733574 -0.3734390 -0.3703708
-0.2975378 -0.2971451 -0.2969694 -0.2973668 -0.2973197 0.3466064 -0.2889171 -0.2898481 -0.2899972 -0.2900100 -0.2901030 -0.2899806 -0.3758616 0.3571763 0.3581488 0.3608976 0.3622060 -0.3008245 0.3532081 0.1096897 0.4157743 0.4145835 0.4116210 0.4100066 1.1054696 0.4132805 0.4112943 0.3449340 0.3449056 0.3439626 -0.2974397 0.3889464 -0.3761560 0.3461573 -0.3786138 0.1095121 -0.3782228 -0.3759778 -0.3780692 -0.3758987 -0.3762226 -0.2975761 0.3426886 0.3432283 -0.3784777 -0.3780200 -0.3782279 0.3244885 0.3285460 0.3420487 0.3440165 -0.3030376 -0.3022909 -0.3020702 -0.3017548 -0.3023106 -0.3016144 0.3442571 -0.3754159 -0.3759029 -0.3765158 -0.3756197 -0.3760735 0.3398258 0.3394304 0.3435544 -0.2975726 -0.3028557 0.3416880 -0.2897470 0.3482002 0.3459789 0.3428176 -0.2880901 -0.2871610 -0.2907086 0.3399142 0.3407120 0.3429924 0.3430887 0.3443759 0.3444126 0.3432207 -0.2985342 -0.3129894 -0.2901242 0.3405643 0.3478503 0.3463934 0.3456823 -0.3783921 -0.3786387 -0.3782167 -0.3790894 0.3425163 0.3443850 0.3420754 -0.3778133 0.3417119 0.3422592 -0.3776359 -0.3780874 -0.3773572 0.3396575 0.3411863 0.3404765 0.3400981 -0.3782076 0.3379377 0.3498529 -0.3782795 0.1126737 -0.3779959 -0.3773917 -0.3776686 -0.2907887 -0.2906565 -0.2904305 0.3392740 0.3379546 0.3425457 0.1103383 0.3368295 0.3401711 0.3428792 0.3439046 0.3486730 -0.3757685 -0.3779642 -0.3782384 -0.3781044 -0.3781668 -0.3749814
-0.2979846 -0.2974199 -0.2975018 -0.2976906 -0.2977059 0.3453819 -0.2886730 -0.2899620 -0.2902655 -0.2898750 -0.2899363 -0.2895729 -0.3765259 0.3579091 0.3668869 0.3656191 0.3691026 -0.3011259 0.3579753 0.1110229 0.4136379 0.4114371 0.4163072 0.4062738 0.4132805 1.1042327 0.4098992 0.3460343 0.3464161 0.3480136 -0.2977022 0.3844816 -0.3769069 0.3461699 -0.3795394 0.1105297 -0.3791863 -0.3766653 -0.3791568 -0.3766784 -0.3768961 -0.2977600 0.3417311 0.3452357 -0.3789669 -0.3788157 -0.3790026 0.3215570 0.3274883 0.3431399 0.3472259 -0.3033267 -0.3025833 -0.3026887 -0.3020579 -0.3024972 -0.3020697 0.3447283 -0.3760839 -0.3764915 -0.3773251 -0.3763292 -0.3769103 0.3417897 0.3391409 0.3439518 -0.2974157 -0.3029545 0.3414500 -0.2894459 0.3509706 0.3467967 0.3430672 -0.2879677 -0.2870674 -0.2907295 0.3381573 0.3437836 0.3423877 0.3412217 0.3448394 0.3426999 0.3451213 -0.2990425 -0.3127126 -0.2902328 0.3451818 0.3478699 0.3427867 0.3446857 -0.3789240 -0.3791794 -0.3789960 -0.3796377 0.3450959 0.3495543 0.3411704 -0.3786748 0.3394854 0.3403550 -0.3785545 -0.3790103 -0.3780945 0.3394980 0.3410241 0.3385777 0.3411579 -0.3789583 0.3357282 0.3489177 -0.3791837 0.1138359 -0.3786963 -0.3782251 -0.3785909 -0.2905901 -0.2906069 -0.2901433 0.3388575 0.3394991 0.3398038 0.1108867 0.3384407 0.3405160 0.3435520 0.3425873 0.3496945 -0.3765039 -0.3787279 -0.3788907 -0.3791054 -0.3790940 -0.3758919
-0.2960137 -0.2956152 -0.2957057 -0.2959137 -0.2961033 0.3469628 -0.2885525 -0.2898037 -0.2899050 -0.2898259 -0.2899169 -0.2896507 -0.3748699 0.3553174 0.3614639 0.3620734 0.3622178 -0.2991909 0.3535396 0.1104405 0.4117253 0.4130188 0.4219168 0.4049171 0.4112943 0.4098992 1.1024493 0.3437464 0.3420571 0.3470665 -0.2957731 0.3848273 -0.3748374 0.3431204 -0.3773559 0.1099574 -0.3777298 -0.3748744 -0.3772472 -0.3744259 -0.3749251 -0.2957425 0.3415467 0.3432532 -0.3771812 -0.3768391 -0.3770796 0.3209591 0.3287930 0.3419909 0.3454442 -0.3012569 -0.3006877 -0.3009644 -0.3000509 -0.3005458 -0.3003438 0.3458131 -0.3745543 -0.3746949 -0.3754449 -0.3745351 -0.3750416 0.3362655 0.3396620 0.3422627 -0.2968887 -0.3019592 0.3411846 -0.2891091 0.3487731 0.3456973 0.3426741 -0.2879397 -0.2869167 -0.2902712 0.3374780 0.3382183 0.3408537 0.3425892 0.3437733 0.3426862 0.3419619 -0.2968354 -0.3119699 -0.2894614 0.3426483 0.3444919 0.3405969 0.3399148 -0.3772866 -0.3772436 -0.3771058 -0.3775134 0.3429810 0.3464597 0.3414876 -0.3769210 0.3381975 0.3395105 -0.3764550 -0.3771622 -0.3762564 0.3349987 0.3408890 0.3371359 0.3424378 -0.3773208 0.3341210 0.3482587 -0.3773007 0.1140228 -0.3768575 -0.3765266 -0.3767890 -0.2904413 -0.2901628 -0.2895971 0.3380871 0.3382225 0.3403519 0.1102313 0.3350133 0.3389127 0.3411494 0.3357382 0.3481458 -0.3746194 -0.3768094 -0.3770334 -0.3771443 -0.3767740 -0.3741531
-0.3081103 -0.3068891 -0.3071357 -0.3075050 -0.3076769 0.3961387 -0.2982231 -0.2994950 -0.2998145 -0.2994761 -0.2997817 -0.2994897 -0.3889898 0.3483412 0.3609953 0.3601035 0.3593090 -0.3118475 0.3659195 0.0926182 0.3420481 0.3390521 0.3421513 0.3386691 0.3449340 0.3460343 0.3437464 1.1104635 0.3784865 0.3709173 -0.3076628 0.3378396 -0.3889055 0.3889423 -0.3912971 0.0935404 -0.3914290 -0.3887879 -0.3909144 -0.3885860 -0.3891284 -0.3074861 0.3626147 0.3577720 -0.3912266 -0.3908800 -0.3909837 0.3421866 0.3447170 0.3724536 0.3730372 -0.3131375 -0.3130741 -0.3132143 -0.3121796 -0.3128736 -0.3121274 0.3903460 -0.3882053 -0.3885271 -0.3894992 -0.3884288 -0.3889508 0.3714110 0.3738131 0.3651633 -0.3075511 -0.3132904 0.3556440 -0.2988300 0.3906263 0.3888220 0.3873748 -0.2977317 -0.2967602 -0.2999955 0.3705651 0.3766523 0.3830951 0.3839507 0.3869285 0.3805613 0.3626494 -0.3092975 -0.3234018 -0.2998421 0.3806605 0.3869279 0.3891733 0.3803498 -0.3910821 -0.3912939 -0.3910191 -0.3917947 0.3866061 0.3847376 0.3616985 -0.3911199 0.3509234 0.3489307 -0.3909188 -0.3912731 -0.3902677 0.3680450 0.3570421 0.3653216 0.3622875 -0.3913712 0.3649060 0.3635065 -0.3913894 0.0938515 -0.3911214 -0.3905688 -0.3904954 -0.3003481 -0.3001115 -0.2995479 0.3462567 0.3523450 0.3526685 0.0921211 0.3696190 0.3507537 0.3521324 0.3676325 0.3611051 -0.3881272 -0.3908141 -0.3912396 -0.3909689 -0.3909776 -0.3880577
