0.9754605 0.0606374 0.0609679 0.0560175 0.0572915 0.0472716 -0.1668802 -0.1562723 -0.1579656 -0.1562446 -0.1558290 -0.1562277 0.0530637 0.0625777 -0.1488424
0.0606374 0.9767131 0.0607061 0.0575269 0.0573551 0.0397206 -0.1674886 -0.1641286 -0.1638693 -0.1686862 -0.1680419 -0.1619804 0.0460807 0.0624515 -0.1617309
0.0609679 0.0607061 0.9857491 0.0579545 0.0586551 0.0462998 -0.1718060 -0.1639898 -0.1635908 -0.1670354 -0.1666529 -0.1635855 0.0555578 0.0659463 -0.1586819
0.0560175 0.0575269 0.0579545 0.9692575 0.0529487 0.0383383 -0.1650668 -0.1603835 -0.1595641 -0.1610720 -0.1606676 -0.1579354 0.0465750 0.0574274 -0.1549298
0.0572915 0.0573551 0.0586551 0.0529487 0.9659660 0.0415672 -0.1655791 -0.1583145 -0.1590753 -0.1586453 -0.1591364 -0.1571298 0.0446480 0.0579473 -0.1515150
0.0472716 0.0397206 0.0462998 0.0383383 0.0415672 0.9224918 -0.1514450 -0.1408155 -0.1468621 -0.1402688 -0.1385243 -0.1414687 0.0392380 0.0490657 -0.1281642
-0.1668802 -0.1674886 -0.1718060 -0.1650668 -0.1655791 -0.1514450 0.9189085 0.0962127 0.0924663 0.0987472 0.0973841 0.0875696 -0.1585574 -0.1712332 0.0953847
-0.1562723 -0.1641286 -0.1639898 -0.1603835 -0.1583145 -0.1408155 0.0962127 0.9055258 0.0941247 0.1013491 0.1049976 0.0883331 -0.1647321 -0.1647375 0.0998396
-0.1579656 -0.1638693 -0.1635908 -0.1595641 -0.1590753 -0.1468621 0.0924663 0.0941247 0.9082534 0.0953311 0.0982266 0.0889896 -0.1626465 -0.1666893 0.0967299
-0.1562446 -0.1686862 -0.1670354 -0.1610720 -0.1586453 -0.1402688 0.0987472 0.1013491 0.0953311 0.9068819 0.1071746 0.0900139 -0.1654288 -0.1681029 0.1038958
-0.1558290 -0.1680419 -0.1666529 -0.1606676 -0.1591364 -0.1385243 0.0973841 0.1049976 0.0982266 0.1071746 0.8980246 0.0905169 -0.1657371 -0.1674528 0.1043537
-0.1562277 -0.1619804 -0.1635855 -0.1579354 -0.1571298 -0.1414687 0.0875696 0.0883331 0.0889896 0.0900139 0.0905169 0.9112337 -0.1625848 -0.1657507 0.0982793
0.0530637 0.0460807 0.0555578 0.0465750 0.0446480 0.0392380 -0.1585574 -0.1647321 -0.1626465 -0.1654288 -0.1657371 -0.1625848 0.9430469 0.0740936 -0.1594774
0.0625777 0.0624515 0.0659463 0.0574274 0.0579473 0.0490657 -0.1712332 -0.1647375 -0.1666893 -0.1681029 -0.1674528 -0.1657507 0.0740936 0.9547402 -0.1609705
-0.1488424 -0.1617309 -0.1586819 -0.1549298 -0.1515150 -0.1281642 0.0953847 0.0998396 0.0967299 0.1038958 0.1043537 0.0982793 -0.1594774 -0.1609705 0.8982830
