0.8468372 0.2713020 0.2979298 0.2916988 -0.4959174 -0.4967613 -0.5001937 -0.5019290
0.2713020 0.9852361 0.2724115 0.2672271 -0.5311021 -0.5320548 -0.5351334 -0.5369539
0.2979298 0.2724115 0.8559061 0.2953648 -0.5015235 -0.5023637 -0.5057576 -0.5074710
0.2916988 0.2672271 0.2953648 0.8475149 -0.4941572 -0.4952394 -0.4984358 -0.5002266
-0.4959174 -0.5311021 -0.5015235 -0.4941572 0.6072519 0.4519237 0.4508398 0.4516742
-0.4967613 -0.5320548 -0.5023637 -0.4952394 0.4519237 0.6035610 0.4500350 0.4516998
-0.5001937 -0.5351334 -0.5057576 -0.4984358 0.4508398 0.4500350 0.6114130 0.4512137
-0.5019290 -0.5369539 -0.5074710 -0.5002266 0.4516742 0.4516998 0.4512137 0.6127031
