2.4456594 2.0955610 2.0905380 2.0965590 2.0969183 -0.3037342 -0.0264992 -0.0266842 -0.0243163 -0.0257762 -0.0219880 -0.0272658 -0.2983987 -0.2945283 -0.3001882 -0.2989355 -0.2984353 2.0710254 -0.3003443 -0.0911698 -0.2899188 -0.2927564 -0.2938365 -0.2906617 -0.2946762 -0.2951378 -0.2931217 -0.3049431 -0.3052725 -0.3048593 2.0899379 -0.2852601 -0.2978493 -0.3045887 -0.3007255 -0.0895633 -0.3002392 -0.2979764 -0.3000885 -0.2977734 -0.2983834 2.1009853 -0.3014062 -0.3004847 -0.3007655 -0.2998261 -0.2997484 -0.3021432 -0.3034575 -0.3030872 -0.3063837 2.0762343 2.0792346 2.0796599 2.0748289 2.0806367 2.0762129 -0.3044712 -0.2972741 -0.2978617 -0.2991284 -0.2974673 -0.2981128 -0.3021615 -0.3040270 -0.3012309 -0.0283607 -0.3065090 -0.3062959 -0.2990293 -0.0255284 -0.0261525 -0.0294568 -0.3012201 -0.3043532 -0.3046665 -0.3052938 -0.3056442 -0.3062187 -0.3035274 -0.3063405 -0.3051150 -0.3024602 -0.2998149 -0.3001303 -0.3003759 -0.3005899 -0.3045426 -0.3047745 -0.3046849 -0.3006748 -0.3019278 -0.3006457 -0.3006737 -0.2991982 -0.3038352 -0.3029948 -0.3016302 -0.3014934 -0.3029888 -0.3053799 -0.3012781 -0.0922602 -0.3003888 -0.2999380 -0.0322077 -0.0323698 -0.0252291 -0.2896220 -0.3017848 -0.3021140 -0.0912206 -0.3014251 -0.2963865 -0.2959671 -0.2998151 -0.2961438 -0.2970684 -0.3000515 -0.3002605 -0.2998542 -0.3002739 -0.2967953
2.0955610 2.4320610 2.0963271 2.1035466 2.1014936 -0.3020009 -0.0232780 -0.0233366 -0.0213682 -0.0224690 -0.0193116 -0.0238986 -0.3001669 -0.2937589 -0.2999774 -0.2980402 -0.2967993 2.0655496 -0.2993822 -0.0895735 -0.2895105 -0.2925605 -0.2936594 -0.2906376 -0.2941803 -0.2944927 -0.2925873 -0.3036051 -0.3049447 -0.3035561 2.0941267 -0.2843153 -0.2993165 -0.3032377 -0.3021144 -0.0879634 -0.3015243 -0.2994986 -0.3016104 -0.2992359 -0.2999671 2.1063592 -0.2996856 -0.2997063 -0.3026379 -0.3013375 -0.3012792 -0.3016095 -0.3034129 -0.3023919 -0.3053462 2.0768201 2.0769589 2.0745542 2.0738263 2.0754766 2.0746102 -0.3035873 -0.2990194 -0.2993062 -0.3006280 -0.2988034 -0.2996087 -0.3021661 -0.3043670 -0.3010791 -0.0251470 -0.3060405 -0.3059007 -0.2988239 -0.0226065 -0.0231519 -0.0265443 -0.3011162 -0.3044432 -0.3038353 -0.3051485 -0.3054049 -0.3061552 -0.3033947 -0.3061259 -0.3036344 -0.3008922 -0.3013192 -0.3019173 -0.3019135 -0.3024104 -0.3037664 -0.3037236 -0.3050729 -0.3027373 -0.3023106 -0.3026059 -0.3027050 -0.3009167 -0.3041801 -0.3032102 -0.3021743 -0.3033700 -0.3029431 -0.3057373 -0.3030949 -0.0916069 -0.3022848 -0.3018791 -0.0294188 -0.0299349 -0.0216268 -0.2894370 -0.3019096 -0.3024381 -0.0900466 -0.3014211 -0.2963286 -0.2960124 -0.2987819 -0.2956093 -0.2981787 -0.3016811 -0.3020425 -0.3015406 -0.3017126 -0.2986811
2.0905380 2.0963271 2.4352076 2.0975261 2.0977826 -0.3024540 -0.0242476 -0.0244716 -0.0221624 -0.0234792 -0.0198869 -0.0250031 -0.2992313 -0.2935854 -0.2996416 -0.2982468 -0.2970026 2.0650470 -0.2993184 -0.0899198 -0.2894052 -0.2921995 -0.2932138 -0.2903150 -0.2940651 -0.2945973 -0.2927525 -0.3039837 -0.3047737 -0.3038788 2.0905044 -0.2839772 -0.2983077 -0.3035005 -0.3015080 -0.0883090 -0.3007962 -0.2984577 -0.3007843 -0.2982154 -0.2991554 2.1042123 -0.3001356 -0.2996776 -0.3016580 -0.3005283 -0.3002104 -0.3016306 -0.3031816 -0.3024237 -0.3053261 2.0732388 2.0751014 2.0743482 2.0714390 2.0737050 2.0716951 -0.3035950 -0.2981253 -0.2984750 -0.2996330 -0.2980093 -0.2986730 -0.3015569 -0.3038777 -0.3007206 -0.0262705 -0.3057057 -0.3053998 -0.2984219 -0.0233893 -0.0240084 -0.0274699 -0.3008161 -0.3037304 -0.3038192 -0.3047159 -0.3052040 -0.3057322 -0.3029228 -0.3057877 -0.3039866 -0.3015965 -0.3006973 -0.3009102 -0.3011199 -0.3014507 -0.3036861 -0.3038468 -0.3044273 -0.3016896 -0.3016731 -0.3014449 -0.3018111 -0.2999421 -0.3036581 -0.3027198 -0.3014907 -0.3024518 -0.3026247 -0.3052442 -0.3020433 -0.0916718 -0.3013609 -0.3007346 -0.0301238 -0.0305528 -0.0229285 -0.2892519 -0.3017442 -0.3019572 -0.0901209 -0.3008753 -0.2961117 -0.2956530 -0.2988835 -0.2951656 -0.2975752 -0.3007569 -0.3009978 -0.3005007 -0.3009830 -0.2976779
2.0965590 2.1035466 2.0975261 2.4362109 2.1020277 -0.3025467 -0.0233363 -0.0239158 -0.0213672 -0.0228448 -0.0193565 -0.0243064 -0.3008233 -0.2940348 -0.2995608 -0.2982917 -0.2972036 2.0691628 -0.2996224 -0.0899455 -0.2895117 -0.2922472 -0.2935323 -0.2903282 -0.2943221 -0.2947236 -0.2928273 -0.3042405 -0.3047692 -0.3038455 2.0948713 -0.2843967 -0.3001269 -0.3033666 -0.3030360 -0.0884062 -0.3024083 -0.3000823 -0.3022916 -0.2999552 -0.3005100 2.1081784 -0.3002174 -0.2998973 -0.3031511 -0.3021416 -0.3019741 -0.3019068 -0.3033065 -0.3024976 -0.3055264 2.0789609 2.0791578 2.0787272 2.0765259 2.0790846 2.0761642 -0.3037536 -0.2996032 -0.3000346 -0.3011824 -0.2996093 -0.3000939 -0.3018987 -0.3039200 -0.3008048 -0.0252894 -0.3057365 -0.3057573 -0.2986765 -0.0226981 -0.0231469 -0.0264658 -0.3010896 -0.3039325 -0.3042606 -0.3047939 -0.3052706 -0.3057236 -0.3029847 -0.3057339 -0.3038291 -0.3015317 -0.3021964 -0.3026699 -0.3026748 -0.3031140 -0.3034326 -0.3039324 -0.3047150 -0.3033069 -0.3020566 -0.3032071 -0.3032370 -0.3016871 -0.3036498 -0.3029961 -0.3016802 -0.3040425 -0.3030573 -0.3052574 -0.3036831 -0.0914545 -0.3028516 -0.3023657 -0.0297474 -0.0295974 -0.0218603 -0.2894553 -0.3018864 -0.3023767 -0.0905094 -0.3011723 -0.2965103 -0.2961160 -0.2991645 -0.2958018 -0.2992968 -0.3025362 -0.3025227 -0.3022998 -0.3025788 -0.2994130
2.0969183 2.1014936 2.0977826 2.1020277 2.4380779 -0.3031661 -0.0242613 -0.0242404 -0.0221044 -0.0233351 -0.0199513 -0.0248620 -0.3003398 -0.2941087 -0.3000627 -0.2986758 -0.2975228 2.0709233 -0.2996282 -0.0899938 -0.2898518 -0.2923149 -0.2936745 -0.2908276 -0.2942793 -0.2947847 -0.2930341 -0.3044462 -0.3051990 -0.3043081 2.0949056 -0.2849114 -0.2997400 -0.3040601 -0.3026202 -0.0884259 -0.3020539 -0.2998170 -0.3019296 -0.2996267 -0.3002830 2.1068656 -0.3006689 -0.3002308 -0.3028813 -0.3016964 -0.3016998 -0.3021586 -0.3034306 -0.3027309 -0.3057799 2.0789323 2.0798478 2.0789156 2.0764804 2.0808935 2.0774457 -0.3040678 -0.2993427 -0.2998399 -0.3008198 -0.2993774 -0.2999493 -0.3024005 -0.3040220 -0.3010826 -0.0260052 -0.3061477 -0.3057050 -0.2986269 -0.0230238 -0.0240184 -0.0270246 -0.3010733 -0.3040993 -0.3044714 -0.3049536 -0.3054804 -0.3062274 -0.3032691 -0.3060535 -0.3043654 -0.3016233 -0.3018640 -0.3021723 -0.3022569 -0.3028081 -0.3039203 -0.3040818 -0.3050590 -0.3029480 -0.3019247 -0.3027653 -0.3029235 -0.3012589 -0.3038279 -0.3030260 -0.3015732 -0.3033905 -0.3028663 -0.3054358 -0.3033540 -0.0914491 -0.3025344 -0.3020768 -0.0302443 -0.0302940 -0.0225086 -0.2895155 -0.3021845 -0.3024935 -0.0903699 -0.3015188 -0.2963140 -0.2958980 -0.2990160 -0.2960142 -0.2988751 -0.3020835 -0.3022305 -0.3018650 -0.3022708 -0.2988545
-0.3037342 -0.3020009 -0.3024540 -0.3025467 -0.3031661 1.1368526 -0.2715168 -0.2720865 -0.2730324 -0.2725922 -0.2725916 -0.2723495 -0.4050074 0.3521475 0.3565389 0.3629824 0.3642646 -0.3097320 0.3694384 0.0924732 0.3433264 0.3415072 0.3412812 0.3385713 0.3466308 0.3455231 0.3470781 0.3973463 0.3769717 0.3783771 -0.3029739 0.3420372 -0.4049856 0.3938235 -0.4072599 0.0919193 -0.4074579 -0.4048217 -0.4065963 -0.4046340 -0.4053645 -0.3026944 0.3693936 0.3582467 -0.4073941 -0.4066499 -0.4068496 0.3418052 0.3401492 0.3803374 0.3831961 -0.3104308 -0.3106341 -0.3111257 -0.3092651 -0.3106023 -0.3090238 0.3959607 -0.4042423 -0.4046621 -0.4053987 -0.4041824 -0.4051600 0.3622715 0.3566552 0.3580421 -0.2723739 0.3931865 0.4053953 0.3891921 -0.2709342 -0.2709870 -0.2729298 0.3638064 0.3682753 0.3912495 0.3903402 0.3845406 0.3853534 0.3554641 0.3884906 0.3840275 0.3756904 -0.4070698 -0.4069851 -0.4068678 -0.4074628 0.3783160 0.3746343 0.3612197 -0.4072022 0.3508630 -0.4069095 -0.4072439 -0.4059478 0.3587209 0.3574088 0.3630466 -0.4076231 0.3553229 0.3577008 -0.4076619 0.0917018 -0.4068548 -0.4064833 -0.2740985 -0.2738291 -0.2727330 0.3434626 0.3508215 0.3538889 0.0908826 0.3656406 0.3563376 0.3556839 0.3657359 0.3623877 -0.4039550 -0.4067619 -0.4069942 -0.4067997 -0.4069277 -0.4038276
-0.0264992 -0.0232780 -0.0242476 -0.0233363 -0.0242613 -0.2715168 2.6259084 2.1551809 2.1460280 2.1524618 2.1457973 2.1516402 -0.2711325 -0.2630277 -0.2695429 -0.2671276 -0.2666311 -0.0340423 -0.2681294 -0.0721240 -0.2634287 -0.2641447 -0.2637692 -0.2640012 -0.2642890 -0.2638153 -0.2636842 -0.2729112 -0.2733757 -0.2725040 -0.0251161 -0.2565608 -0.2703441 -0.2724313 -0.2725308 -0.0706289 -0.2727416 -0.2703990 -0.2725094 -0.2704035 -0.2707316 -0.0203240 -0.2686246 -0.2695020 -0.2724708 -0.2717898 -0.2720741 -0.2697302 -0.2716444 -0.2733367 -0.2745275 -0.0281406 -0.0315499 -0.0323112 -0.0306802 -0.0324580 -0.0292011 -0.2730389 -0.2698784 -0.2701221 -0.2715663 -0.2699330 -0.2703698 -0.2678184 -0.2716220 -0.2684838 2.1639390 -0.2735335 -0.2735511 -0.2731392 2.1606154 2.1431196 2.1598306 -0.2686161 -0.2719679 -0.2727849 -0.2741672 -0.2743494 -0.2741732 -0.2713592 -0.2730228 -0.2718727 -0.2703183 -0.2723458 -0.2722622 -0.2726102 -0.2728002 -0.2721147 -0.2717316 -0.2728054 -0.2721825 -0.2698929 -0.2726050 -0.2727388 -0.2708887 -0.2722938 -0.2718467 -0.2705552 -0.2729904 -0.2717332 -0.2728660 -0.2732598 -0.0723346 -0.2724063 -0.2717449 2.1573901 2.1483819 2.1702950 -0.2595965 -0.2708082 -0.2701266 -0.0725563 -0.2707006 -0.2672750 -0.2666506 -0.2700930 -0.2659288 -0.2694682 -0.2717974 -0.2723100 -0.2720385 -0.2719531 -0.2696299
-0.0266842 -0.0233366 -0.0244716 -0.0239158 -0.0242404 -0.2720865 2.1551809 2.6385331 2.1514533 2.1536000 2.1459177 2.1573451 -0.2713752 -0.2633288 -0.2702853 -0.2678331 -0.2672337 -0.0345931 -0.2689632 -0.0729024 -0.2639837 -0.2645684 -0.2645997 -0.2644965 -0.2646085 -0.2646224 -0.2645125 -0.2736491 -0.2742170 -0.2728836 -0.0255502 -0.2570554 -0.2703863 -0.2728355 -0.2728941 -0.0717772 -0.2731288 -0.2704609 -0.2729495 -0.2707192 -0.2709912 -0.0208749 -0.2690640 -0.2701782 -0.2725967 -0.2721029 -0.2722845 -0.2701949 -0.2719159 -0.2739094 -0.2752654 -0.0283440 -0.0319630 -0.0328563 -0.0307591 -0.0325915 -0.0294744 -0.2738264 -0.2703493 -0.2703263 -0.2719494 -0.2702529 -0.2706096 -0.2680780 -0.2722126 -0.2692328 2.1626391 -0.2746108 -0.2746696 -0.2736277 2.1657069 2.1455605 2.1693373 -0.2695298 -0.2727200 -0.2736808 -0.2752640 -0.2746766 -0.2747652 -0.2717721 -0.2734571 -0.2727362 -0.2708783 -0.2727563 -0.2724058 -0.2731161 -0.2730714 -0.2727340 -0.2721105 -0.2733906 -0.2725185 -0.2704150 -0.2729090 -0.2728292 -0.2710736 -0.2727813 -0.2722777 -0.2711698 -0.2732794 -0.2724989 -0.2735216 -0.2734331 -0.0732473 -0.2726243 -0.2719163 2.1627326 2.1528900 2.1708212 -0.2603558 -0.2715663 -0.2708149 -0.0734505 -0.2713490 -0.2680889 -0.2672760 -0.2707089 -0.2665673 -0.2698478 -0.2719522 -0.2725245 -0.2724995 -0.2721975 -0.2699161
-0.0243163 -0.0213682 -0.0221624 -0.0213672 -0.0221044 -0.2730324 2.1460280 2.1514533 2.6261694 2.1514063 2.1461961 2.1575935 -0.2699251 -0.2638623 -0.2700412 -0.2680899 -0.2677281 -0.0317642 -0.2695925 -0.0747229 -0.2644281 -0.2645815 -0.2646812 -0.2648987 -0.2650568 -0.2651227 -0.2647952 -0.2741298 -0.2744258 -0.2736972 -0.0232813 -0.2583649 -0.2693313 -0.2736908 -0.2715888 -0.0733283 -0.2716401 -0.2693469 -0.2715917 -0.2693540 -0.2697665 -0.0186692 -0.2701227 -0.2703744 -0.2714277 -0.2707919 -0.2712417 -0.2704763 -0.2721202 -0.2743827 -0.2759000 -0.0260016 -0.0292041 -0.0297537 -0.0284032 -0.0299549 -0.0271657 -0.2742518 -0.2689051 -0.2691509 -0.2705275 -0.2692087 -0.2693797 -0.2684023 -0.2720648 -0.2698464 2.1546276 -0.2743956 -0.2748079 -0.2739164 2.1623762 2.1428349 2.1610546 -0.2692641 -0.2725942 -0.2741317 -0.2751879 -0.2748218 -0.2750216 -0.2718285 -0.2739157 -0.2733269 -0.2715589 -0.2714917 -0.2713588 -0.2716465 -0.2717834 -0.2731654 -0.2727806 -0.2730135 -0.2709274 -0.2701578 -0.2713049 -0.2713962 -0.2696906 -0.2728325 -0.2722538 -0.2706248 -0.2716469 -0.2721112 -0.2735943 -0.2719808 -0.0742132 -0.2710957 -0.2703679 2.1532326 2.1543205 2.1639266 -0.2606071 -0.2711355 -0.2710408 -0.0750416 -0.2712938 -0.2677791 -0.2672020 -0.2708662 -0.2669314 -0.2687081 -0.2705564 -0.2710498 -0.2708274 -0.2709116 -0.2686709
-0.0257762 -0.0224690 -0.0234792 -0.0228448 -0.0233351 -0.2725922 2.1524618 2.1536000 2.1514063 2.6294522 2.1470039 2.1597590 -0.2710360 -0.2636856 -0.2699991 -0.2679968 -0.2674197 -0.0330075 -0.2689084 -0.0735082 -0.2640133 -0.2643389 -0.2642433 -0.2645876 -0.2648647 -0.2646435 -0.2645873 -0.2736321 -0.2740932 -0.2733289 -0.0244135 -0.2576709 -0.2703121 -0.2730662 -0.2728105 -0.0721824 -0.2729885 -0.2703573 -0.2725780 -0.2704565 -0.2708604 -0.0199620 -0.2694390 -0.2702535 -0.2725505 -0.2720217 -0.2723028 -0.2703917 -0.2720890 -0.2740171 -0.2755151 -0.0273590 -0.0304914 -0.0311989 -0.0298251 -0.0312628 -0.0284907 -0.2739072 -0.2699495 -0.2705077 -0.2718084 -0.2702037 -0.2703430 -0.2680985 -0.2720124 -0.2695098 2.1630149 -0.2742450 -0.2745341 -0.2738279 2.1652312 2.1437201 2.1639194 -0.2692580 -0.2726165 -0.2737678 -0.2751437 -0.2747391 -0.2747501 -0.2717633 -0.2735675 -0.2730448 -0.2709449 -0.2726752 -0.2723746 -0.2729139 -0.2730729 -0.2729476 -0.2721614 -0.2731119 -0.2722067 -0.2700394 -0.2726939 -0.2726652 -0.2709389 -0.2726065 -0.2723991 -0.2706260 -0.2729640 -0.2722752 -0.2733993 -0.2731591 -0.0733709 -0.2724638 -0.2718297 2.1579452 2.1567497 2.1716549 -0.2603472 -0.2711189 -0.2710139 -0.0738697 -0.2714067 -0.2677686 -0.2671648 -0.2707285 -0.2663943 -0.2696771 -0.2718074 -0.2724383 -0.2721369 -0.2722403 -0.2699525
-0.0219880 -0.0193116 -0.0198869 -0.0193565 -0.0199513 -0.2725916 2.1457973 2.1459177 2.1461961 2.1470039 2.6153796 2.1558380 -0.2697667 -0.2636518 -0.2703569 -0.2680099 -0.2678969 -0.0297546 -0.2689426 -0.0740679 -0.2640510 -0.2643726 -0.2642281 -0.2642959 -0.2650169 -0.2647045 -0.2647746 -0.2740366 -0.2741594 -0.2734414 -0.0211448 -0.2577971 -0.2691208 -0.2735177 -0.2713702 -0.0725879 -0.2716547 -0.2689629 -0.2713804 -0.2692381 -0.2695683 -0.0164890 -0.2698734 -0.2701092 -0.2712626 -0.2705952 -0.2709949 -0.2701169 -0.2718583 -0.2741009 -0.2754888 -0.0241125 -0.0274125 -0.0278169 -0.0265132 -0.0280436 -0.0254858 -0.2739974 -0.2687596 -0.2689154 -0.2704066 -0.2688564 -0.2691453 -0.2681789 -0.2720950 -0.2694975 2.1492474 -0.2744140 -0.2744574 -0.2739975 2.1602697 2.1357687 2.1572158 -0.2691498 -0.2728188 -0.2739199 -0.2749977 -0.2750729 -0.2745382 -0.2716607 -0.2738475 -0.2731732 -0.2714691 -0.2713565 -0.2711311 -0.2715100 -0.2715151 -0.2729517 -0.2725071 -0.2727469 -0.2708077 -0.2698520 -0.2712878 -0.2712983 -0.2695694 -0.2728111 -0.2717982 -0.2703615 -0.2716306 -0.2720858 -0.2731587 -0.2718888 -0.0738997 -0.2710426 -0.2703179 2.1466918 2.1532869 2.1581159 -0.2602192 -0.2710465 -0.2707690 -0.0741347 -0.2713276 -0.2677874 -0.2670361 -0.2707450 -0.2667685 -0.2685995 -0.2706046 -0.2710357 -0.2708118 -0.2708269 -0.2686452
-0.0272658 -0.0238986 -0.0250031 -0.0243064 -0.0248620 -0.2723495 2.1516402 2.1573451 2.1575935 2.1597590 2.1558380 2.6369867 -0.2721629 -0.2633649 -0.2694865 -0.2675229 -0.2676043 -0.0344138 -0.2685334 -0.0731482 -0.2637925 -0.2641791 -0.2640251 -0.2640883 -0.2646490 -0.2641955 -0.2641937 -0.2735722 -0.2740746 -0.2729286 -0.0258449 -0.2577669 -0.2716634 -0.2734438 -0.2738925 -0.0720309 -0.2740113 -0.2716088 -0.2738666 -0.2717767 -0.2719298 -0.0211965 -0.2697205 -0.2699746 -0.2738322 -0.2730534 -0.2735631 -0.2699628 -0.2717068 -0.2739674 -0.2752048 -0.0288895 -0.0319145 -0.0324042 -0.0311229 -0.0326983 -0.0299105 -0.2736027 -0.2712152 -0.2713407 -0.2727469 -0.2712705 -0.2717395 -0.2676774 -0.2714616 -0.2691163 2.1622977 -0.2738324 -0.2741729 -0.2734452 2.1716740 2.1489844 2.1709993 -0.2688816 -0.2720454 -0.2736056 -0.2750221 -0.2743222 -0.2743933 -0.2712428 -0.2729659 -0.2728228 -0.2709646 -0.2737731 -0.2735357 -0.2740398 -0.2741915 -0.2724804 -0.2719395 -0.2723868 -0.2732995 -0.2697580 -0.2738914 -0.2736549 -0.2720735 -0.2720453 -0.2717075 -0.2703960 -0.2741812 -0.2720555 -0.2727780 -0.2744237 -0.0728664 -0.2734689 -0.2728622 2.1594136 2.1650500 2.1702087 -0.2600149 -0.2707686 -0.2704275 -0.0738529 -0.2711543 -0.2674911 -0.2669875 -0.2705165 -0.2663442 -0.2708674 -0.2729128 -0.2735462 -0.2733899 -0.2732736 -0.2709558
-0.2983987 -0.3001669 -0.2992313 -0.3008233 -0.3003398 -0.4050074 -0.2711325 -0.2713752 -0.2699251 -0.2710360 -0.2697667 -0.2721629 1.1861463 -0.3885591 -0.3973465 -0.3965808 -0.3984037 -0.3049141 -0.4002710 -0.1921182 -0.3905709 -0.3889782 -0.3896588 -0.3865901 -0.3918785 -0.3925910 -0.3907974 -0.4048989 -0.4047958 -0.4034101 -0.2965394 -0.3802484 0.8939443 -0.3983478 0.8685435 -0.1932790 0.8702678 0.8931774 0.8690540 0.8922813 0.8937749 -0.3017858 -0.4001885 -0.3960854 0.8705679 0.8684562 0.8711711 -0.3662941 -0.3691735 -0.4038043 -0.4060893 -0.3062424 -0.3073866 -0.3075033 -0.3071893 -0.3078804 -0.3074102 -0.4049565 0.8882344 0.8912634 0.8971812 0.8898725 0.8939372 -0.3946948 -0.3982135 -0.3969608 -0.2737287 -0.4060324 -0.4037021 -0.4005879 -0.2771337 -0.2718262 -0.2726361 -0.3937980 -0.3999017 -0.4002612 -0.3990870 -0.3990856 -0.4000919 -0.3987900 -0.4078918 -0.4071247 -0.4023719 0.8689085 0.8717268 0.8723185 0.8717346 -0.4057299 -0.4044515 -0.3946332 0.8751630 -0.3897511 0.8711597 0.8712032 0.8674787 -0.3922095 -0.3934643 -0.3904832 0.8730634 -0.3881737 -0.4049299 0.8728479 -0.1968367 0.8713344 0.8708885 -0.2694241 -0.2690136 -0.2752211 -0.3792642 -0.3868202 -0.3922484 -0.1922878 -0.3894115 -0.3777090 -0.3805552 -0.3918944 -0.3885587 0.8898764 0.8727136 0.8717896 0.8704637 0.8692291 0.8889768
-0.2945283 -0.2937589 -0.2935854 -0.2940348 -0.2941087 0.3521475 -0.2630277 -0.2633288 -0.2638623 -0.2636856 -0.2636518 -0.2633649 -0.3885591 1.1249355 0.4088697 0.4114189 0.4140545 -0.2993910 0.3706533 0.1035233 0.3564657 0.3549827 0.3574282 0.3530152 0.3573968 0.3582843 0.3555727 0.3490715 0.3447011 0.3425280 -0.2940417 0.3474862 -0.3889737 0.3511558 -0.3914483 0.1029217 -0.3913635 -0.3887106 -0.3909447 -0.3887029 -0.3889453 -0.2939146 0.3419146 0.3395164 -0.3910035 -0.3907728 -0.3906543 0.3172893 0.3231513 0.3438767 0.3472390 -0.3016207 -0.3011662 -0.3016171 -0.3004177 -0.3013708 -0.3003435 0.3501452 -0.3881019 -0.3885607 -0.3895355 -0.3884902 -0.3888945 0.3527618 0.3373295 0.3380757 -0.2634539 0.3522578 0.3483181 0.3495063 -0.2619134 -0.2615256 -0.2637342 0.3440851 0.3522089 0.3472404 0.3490762 0.3478948 0.3475993 0.3357079 0.3511080 0.3555945 0.3582101 -0.3910935 -0.3912233 -0.3908589 -0.3916832 0.3567925 0.3503077 0.3383774 -0.3905879 0.3385867 -0.3904983 -0.3909689 -0.3897803 0.3488739 0.3380985 0.3409471 -0.3911207 0.3441539 0.3406323 -0.3909632 0.1035683 -0.3907401 -0.3903369 -0.2645439 -0.2642435 -0.2638678 0.3426815 0.3350914 0.3365540 0.1032431 0.3470142 0.3498211 0.3580952 0.3532027 0.3649268 -0.3882579 -0.3906321 -0.3908148 -0.3908374 -0.3908347 -0.3880070
-0.3001882 -0.2999774 -0.2996416 -0.2995608 -0.3000627 0.3565389 -0.2695429 -0.2702853 -0.2700412 -0.2699991 -0.2703569 -0.2694865 -0.3973465 0.4088697 1.1347184 0.4276065 0.4390668 -0.3033151 0.3831304 0.0998376 0.3622597 0.3622239 0.3630101 0.3628926 0.3584501 0.3672135 0.3618198 0.3615797 0.3521546 0.3471330 -0.2999493 0.3490969 -0.3979085 0.3529564 -0.4002168 0.0990970 -0.4003156 -0.3977230 -0.3998715 -0.3977321 -0.3977120 -0.2996943 0.3405739 0.3420843 -0.3997314 -0.3998050 -0.3999459 0.3227462 0.3266744 0.3447948 0.3504246 -0.3075645 -0.3062823 -0.3057018 -0.3058724 -0.3057457 -0.3060526 0.3585683 -0.3971302 -0.3975981 -0.3981069 -0.3974943 -0.3977805 0.3589652 0.3478671 0.3439411 -0.2696344 0.3603610 0.3550696 0.3593255 -0.2675014 -0.2673981 -0.2700422 0.3517350 0.3650047 0.3531981 0.3594804 0.3538567 0.3563783 0.3454091 0.3625309 0.3617188 0.3639540 -0.4001427 -0.4002959 -0.4000914 -0.4005444 0.3692189 0.3588637 0.3472496 -0.3991178 0.3492653 -0.3988809 -0.3997389 -0.3988540 0.3631325 0.3416172 0.3538725 -0.3996361 0.3562132 0.3512014 -0.3995710 0.1051234 -0.3990736 -0.3990947 -0.2709088 -0.2699469 -0.2701091 0.3489522 0.3427989 0.3391823 0.0993077 0.3510316 0.3634620 0.3715891 0.3621984 0.3735846 -0.3976045 -0.3995545 -0.3994231 -0.3997321 -0.4000075 -0.3971279
-0.2989355 -0.2980402 -0.2982468 -0.2982917 -0.2986758 0.3629824 -0.2671276 -0.2678331 -0.2680899 -0.2679968 -0.2680099 -0.2675229 -0.3965808 0.4114189 0.4276065 1.1248851 0.4270015 -0.3033891 0.3774047 0.1022570 0.3602639 0.3600878 0.3637140 0.3598833 0.3608491 0.3658166 0.3621213 0.3607438 0.3531125 0.3490729 -0.2982169 0.3546403 -0.3971417 0.3559023 -0.3994331 0.1027006 -0.3995431 -0.3966410 -0.3992946 -0.3967698 -0.3969558 -0.2980394 0.3476224 0.3390444 -0.3991713 -0.3989885 -0.3991388 0.3213982 0.3246079 0.3515435 0.3535214 -0.3058109 -0.3054840 -0.3054814 -0.3047375 -0.3054792 -0.3046732 0.3629076 -0.3963852 -0.3965967 -0.3976787 -0.3963569 -0.3970758 0.3505686 0.3380390 0.3465399 -0.2674497 0.3632718 0.3601608 0.3589846 -0.2657487 -0.2655613 -0.2678233 0.3502202 0.3604951 0.3575962 0.3624954 0.3545959 0.3594238 0.3433482 0.3609766 0.3628363 0.3599389 -0.3993487 -0.3993001 -0.3992699 -0.3996785 0.3617463 0.3607485 0.3444257 -0.3987198 0.3422846 -0.3985325 -0.3988954 -0.3979297 0.3522511 0.3418735 0.3503376 -0.3992480 0.3483727 0.3463493 -0.3991191 0.1051577 -0.3985012 -0.3983502 -0.2686653 -0.2686900 -0.2679368 0.3479678 0.3375641 0.3390758 0.1017863 0.3521942 0.3579048 0.3625094 0.3581563 0.3711546 -0.3962230 -0.3987311 -0.3989563 -0.3990585 -0.3990665 -0.3960051
-0.2984353 -0.2967993 -0.2970026 -0.2972036 -0.2975228 0.3642646 -0.2666311 -0.2672337 -0.2677281 -0.2674197 -0.2678969 -0.2676043 -0.3984037 0.4140545 0.4390668 0.4270015 1.1390169 -0.3036310 0.3841187 0.1036907 0.3630393 0.3603814 0.3609853 0.3586470 0.3621983 0.3690639 0.3622208 0.3597834 0.3499247 0.3458901 -0.2974129 0.3529072 -0.3982647 0.3575304 -0.4008461 0.1041441 -0.4007776 -0.3982956 -0.4004380 -0.3981871 -0.3986678 -0.2972359 0.3470505 0.3427304 -0.4005881 -0.4003165 -0.4003036 0.3227857 0.3236299 0.3497637 0.3527664 -0.3048894 -0.3050234 -0.3052735 -0.3040584 -0.3052434 -0.3039638 0.3558053 -0.3977356 -0.3983930 -0.3990476 -0.3978655 -0.3987827 0.3541030 0.3403091 0.3457359 -0.2667980 0.3608087 0.3558953 0.3560142 -0.2654266 -0.2655756 -0.2679191 0.3515782 0.3618859 0.3565327 0.3581867 0.3526112 0.3542797 0.3441938 0.3618582 0.3682499 0.3684416 -0.4005196 -0.4007020 -0.4007032 -0.4013318 0.3697037 0.3596789 0.3397580 -0.4003373 0.3406748 -0.4002056 -0.4006127 -0.3993086 0.3524724 0.3387103 0.3494182 -0.4008238 0.3490992 0.3431598 -0.4009285 0.1038940 -0.4003983 -0.4001428 -0.2687647 -0.2684463 -0.2673484 0.3496835 0.3356982 0.3394203 0.1024392 0.3520344 0.3599772 0.3685305 0.3623455 0.3761998 -0.3977249 -0.4002763 -0.4004540 -0.4003556 -0.4003619 -0.3976384
2.0710254 2.0655496 2.0650470 2.0691628 2.0709233 -0.3097320 -0.0340423 -0.0345931 -0.0317642 -0.0330075 -0.0297546 -0.0344138 -0.3049141 -0.2993910 -0.3033151 -0.3033891 -0.3036310 2.5184691 -0.3055316 -0.0979062 -0.2943066 -0.2971633 -0.2981098 -0.2951783 -0.2995545 -0.2999649 -0.2978891 -0.3103477 -0.3106873 -0.3098564 2.0561013 -0.2915298 -0.3049238 -0.3105852 -0.3080235 -0.0964428 -0.3073347 -0.3050297 -0.3072589 -0.3047622 -0.3048781 2.0674133 -0.3075745 -0.3055129 -0.3076150 -0.3068322 -0.3069393 -0.3065310 -0.3074605 -0.3083429 -0.3112352 2.1965137 2.2002726 2.2039566 2.1955309 2.2040429 2.1962173 -0.3096128 -0.3044928 -0.3047907 -0.3055531 -0.3046578 -0.3050068 -0.3062070 -0.3074523 -0.3056765 -0.0352740 -0.3108343 -0.3108453 -0.3033862 -0.0320844 -0.0328779 -0.0364526 -0.3049158 -0.3083948 -0.3097473 -0.3091987 -0.3101931 -0.3101069 -0.3072664 -0.3100114 -0.3111698 -0.3078572 -0.3070432 -0.3074446 -0.3076990 -0.3077353 -0.3094834 -0.3096348 -0.3078110 -0.3070670 -0.3048474 -0.3069965 -0.3073772 -0.3060662 -0.3070755 -0.3066715 -0.3050797 -0.3081481 -0.3061593 -0.3087131 -0.3075821 -0.0971106 -0.3071824 -0.3067328 -0.0392324 -0.0388021 -0.0323250 -0.2942579 -0.3054359 -0.3066164 -0.0979708 -0.3059550 -0.3001799 -0.3005484 -0.3049054 -0.3016150 -0.3042519 -0.3070240 -0.3070732 -0.3069369 -0.3073220 -0.3040859
-0.3003443 -0.2993822 -0.2993184 -0.2996224 -0.2996282 0.3694384 -0.2681294 -0.2689632 -0.2695925 -0.2689084 -0.2689426 -0.2685334 -0.4002710 0.3706533 0.3831304 0.3774047 0.3841187 -0.3055316 1.1383772 0.1026865 0.3513289 0.3486568 0.3501660 0.3504581 0.3531743 0.3579557 0.3535733 0.3664867 0.3501012 0.3526141 -0.2998887 0.3474966 -0.4005149 0.3627836 -0.4031981 0.1030343 -0.4030688 -0.4006678 -0.4027130 -0.4002732 -0.4006597 -0.2993106 0.3485215 0.3385132 -0.4029143 -0.4026744 -0.4026295 0.3234189 0.3257826 0.3515254 0.3564106 -0.3073260 -0.3067483 -0.3068352 -0.3060657 -0.3069080 -0.3060808 0.3670347 -0.4000203 -0.4003562 -0.4012588 -0.4002704 -0.4008430 0.3678124 0.3417545 0.3436735 -0.2685437 0.3694801 0.3645492 0.3680003 -0.2669626 -0.2665606 -0.2692199 0.3597117 0.3716595 0.3610117 0.3635441 0.3648234 0.3641684 0.3409111 0.3718101 0.3827163 0.3781437 -0.4030346 -0.4028905 -0.4028297 -0.4034533 0.3815573 0.3776884 0.3438105 -0.4022810 0.3418676 -0.4020928 -0.4026181 -0.4016617 0.3664796 0.3416995 0.3560392 -0.4028700 0.3638249 0.3482249 -0.4026797 0.1048481 -0.4024311 -0.4022268 -0.2698877 -0.2696306 -0.2687762 0.3495488 0.3358806 0.3376254 0.1017221 0.3631031 0.3842845 0.3957473 0.3849816 0.4093641 -0.4001537 -0.4022751 -0.4026516 -0.4027709 -0.4026578 -0.3996900
-0.0911698 -0.0895735 -0.0899198 -0.0899455 -0.0899938 0.0924732 -0.0721240 -0.0729024 -0.0747229 -0.0735082 -0.0740679 -0.0731482 -0.1921182 0.1035233 0.0998376 0.1022570 0.1036907 -0.0979062 0.1026865 1.1733754 0.1058649 0.1070927 0.1083522 0.1076010 0.1066870 0.1078424 0.1074167 0.0893009 0.0898627 0.0905816 -0.0901098 0.1087290 -0.1919364 0.0887268 -0.1946554 0.8087066 -0.1945462 -0.1916790 -0.1945828 -0.1922599 -0.1917964 -0.0882070 0.0935051 0.0917033 -0.1946139 -0.1948368 -0.1941232 0.0843044 0.0844628 0.0891369 0.0875169 -0.0959977 -0.0977594 -0.0982164 -0.0966223 -0.0978314 -0.0963192 0.0905133 -0.1918724 -0.1918352 -0.1922283 -0.1913058 -0.1923729 0.0894090 0.0876842 0.0927799 -0.0729341 0.0891330 0.0876016 0.0840432 -0.0711303 -0.0709893 -0.0741401 0.0916810 0.0909940 0.0858474 0.0869864 0.0866342 0.0877719 0.0932004 0.0914110 0.0964492 0.0941679 -0.1940670 -0.1943450 -0.1944844 -0.1950472 0.0952443 0.0948818 0.0863694 -0.1950873 0.0894243 -0.1948699 -0.1952140 -0.1943730 0.0881126 0.0879666 0.0898141 -0.1951033 0.0876708 0.0909534 -0.1953890 0.8108951 -0.1947894 -0.1951729 -0.0753858 -0.0755073 -0.0712519 0.1087215 0.0867376 0.0885255 0.8145894 0.0885880 0.0939301 0.0976206 0.0958545 0.1004784 -0.1922669 -0.1950289 -0.1952338 -0.1947703 -0.1947203 -0.1916632
-0.2899188 -0.2895105 -0.2894052 -0.2895117 -0.2898518 0.3433264 -0.2634287 -0.2639837 -0.2644281 -0.2640133 -0.2640510 -0.2637925 -0.3905709 0.3564657 0.3622597 0.3602639 0.3630393 -0.2943066 0.3513289 0.1058649 1.1206582 0.4196420 0.4196413 0.4163793 0.4166881 0.4149819 0.4129590 0.3423769 0.3429683 0.3423330 -0.2895956 0.3883867 -0.3914513 0.3395949 -0.3935605 0.1058510 -0.3936584 -0.3908525 -0.3929895 -0.3908611 -0.3910131 -0.2894093 0.3362153 0.3386110 -0.3930209 -0.3930391 -0.3932015 0.3211702 0.3227691 0.3417278 0.3431513 -0.2970469 -0.2961003 -0.2958024 -0.2956187 -0.2955151 -0.2957990 0.3418335 -0.3903639 -0.3907279 -0.3914661 -0.3908072 -0.3911438 0.3388651 0.3363943 0.3345310 -0.2640307 0.3490601 0.3477832 0.3427083 -0.2620355 -0.2615763 -0.2640588 0.3375844 0.3410993 0.3428346 0.3427210 0.3429790 0.3387678 0.3392061 0.3438488 0.3416622 0.3435964 -0.3932196 -0.3937034 -0.3933531 -0.3935855 0.3402289 0.3435594 0.3425708 -0.3925763 0.3338931 -0.3923025 -0.3927261 -0.3919243 0.3368977 0.3377826 0.3415816 -0.3928671 0.3354342 0.3458706 -0.3927161 0.1100366 -0.3926587 -0.3924454 -0.2650566 -0.2644625 -0.2643380 0.3356731 0.3354424 0.3374966 0.1066434 0.3341733 0.3384198 0.3420615 0.3374579 0.3481734 -0.3911580 -0.3928913 -0.3928463 -0.3931733 -0.3930374 -0.3900870
-0.2927564 -0.2925605 -0.2921995 -0.2922472 -0.2923149 0.3415072 -0.2641447 -0.2645684 -0.2645815 -0.2643389 -0.2643726 -0.2641791 -0.3889782 0.3549827 0.3622239 0.3600878 0.3603814 -0.2971633 0.3486568 0.1070927 0.4196420 1.1156323 0.4197889 0.4151647 0.4156957 0.4126018 0.4144146 0.3394765 0.3434570 0.3430899 -0.2922580 0.3798981 -0.3893774 0.3383239 -0.3919438 0.1064030 -0.3918696 -0.3892583 -0.3914426 -0.3891323 -0.3894295 -0.2923317 0.3412054 0.3405333 -0.3915091 -0.3913986 -0.3913570 0.3218524 0.3271570 0.3389223 0.3414064 -0.3002246 -0.2990949 -0.2988836 -0.2986633 -0.2986975 -0.2988855 0.3409950 -0.3887567 -0.3890111 -0.3897761 -0.3890844 -0.3890820 0.3377414 0.3401074 0.3398746 -0.2641423 0.3443000 0.3414651 0.3383778 -0.2624805 -0.2622355 -0.2645181 0.3360208 0.3399875 0.3390973 0.3419123 0.3383150 0.3404037 0.3435689 0.3460071 0.3440228 0.3391601 -0.3917904 -0.3920592 -0.3917120 -0.3922869 0.3430407 0.3408952 0.3428320 -0.3907986 0.3400603 -0.3906263 -0.3910004 -0.3903357 0.3372083 0.3388165 0.3411368 -0.3913044 0.3355221 0.3487357 -0.3913874 0.1112153 -0.3907777 -0.3907930 -0.2654115 -0.2647465 -0.2646983 0.3347805 0.3392426 0.3411689 0.1076192 0.3361138 0.3395804 0.3426763 0.3381591 0.3475986 -0.3889374 -0.3910426 -0.3914408 -0.3914907 -0.3913385 -0.3884169
-0.2938365 -0.2936594 -0.2932138 -0.2935323 -0.2936745 0.3412812 -0.2637692 -0.2645997 -0.2646812 -0.2642433 -0.2642281 -0.2640251 -0.3896588 0.3574282 0.3630101 0.3637140 0.3609853 -0.2981098 0.3501660 0.1083522 0.4196413 0.4197889 1.1177423 0.4184328 0.4128539 0.4174621 0.4230297 0.3423949 0.3414129 0.3442809 -0.2933581 0.3823699 -0.3902317 0.3394329 -0.3928709 0.1082470 -0.3928878 -0.3903357 -0.3926752 -0.3901096 -0.3902308 -0.2934397 0.3386023 0.3447588 -0.3923267 -0.3924093 -0.3924551 0.3195587 0.3266814 0.3408278 0.3427063 -0.3012393 -0.3003227 -0.2997049 -0.3000820 -0.2994692 -0.2998877 0.3435042 -0.3897417 -0.3898711 -0.3908363 -0.3901820 -0.3904372 0.3366278 0.3413105 0.3392715 -0.2641391 0.3493416 0.3458200 0.3407786 -0.2624949 -0.2617397 -0.2642981 0.3380987 0.3404970 0.3408758 0.3419095 0.3382548 0.3402802 0.3440138 0.3449673 0.3391403 0.3387006 -0.3927078 -0.3927776 -0.3928420 -0.3930095 0.3403134 0.3410578 0.3414206 -0.3918955 0.3392301 -0.3916425 -0.3921525 -0.3910723 0.3369155 0.3415435 0.3397332 -0.3922222 0.3371015 0.3498553 -0.3920113 0.1123126 -0.3918221 -0.3918625 -0.2652301 -0.2648413 -0.2647845 0.3370665 0.3386370 0.3422117 0.1089879 0.3345731 0.3402666 0.3424501 0.3382532 0.3437131 -0.3902362 -0.3919974 -0.3923366 -0.3923609 -0.3924727 -0.3893716
-0.2906617 -0.2906376 -0.2903150 -0.2903282 -0.2908276 0.3385713 -0.2640012 -0.2644965 -0.2648987 -0.2645876 -0.2642959 -0.2640883 -0.3865901 0.3530152 0.3628926 0.3598833 0.3586470 -0.2951783 0.3504581 0.1076010 0.4163793 0.4151647 0.4184328 1.1078910 0.4110847 0.4073050 0.4059446 0.3390219 0.3405843 0.3394724 -0.2904115 0.3820164 -0.3872859 0.3370640 -0.3896108 0.1070614 -0.3896646 -0.3871119 -0.3895696 -0.3868661 -0.3869773 -0.2907977 0.3372572 0.3373202 -0.3892661 -0.3891438 -0.3893818 0.3191671 0.3233815 0.3373432 0.3380537 -0.2981119 -0.2972734 -0.2969119 -0.2966141 -0.2969142 -0.2967846 0.3425249 -0.3865604 -0.3869720 -0.3878124 -0.3868444 -0.3873860 0.3376320 0.3343985 0.3369732 -0.2643035 0.3483542 0.3389335 0.3409730 -0.2626361 -0.2621759 -0.2644367 0.3382099 0.3367695 0.3385801 0.3393854 0.3403859 0.3403358 0.3401270 0.3430433 0.3382457 0.3403255 -0.3895695 -0.3895369 -0.3896346 -0.3899165 0.3401367 0.3409928 0.3388108 -0.3885352 0.3355258 -0.3885201 -0.3889748 -0.3882033 0.3382921 0.3399538 0.3368129 -0.3889411 0.3358962 0.3441451 -0.3890325 0.1107817 -0.3887394 -0.3884141 -0.2654912 -0.2650407 -0.2650440 0.3361312 0.3340800 0.3359348 0.1076849 0.3355625 0.3397918 0.3407736 0.3353697 0.3468615 -0.3867240 -0.3890897 -0.3890241 -0.3892160 -0.3892675 -0.3862279
-0.2946762 -0.2941803 -0.2940651 -0.2943221 -0.2942793 0.3466308 -0.2642890 -0.2646085 -0.2650568 -0.2648647 -0.2650169 -0.2646490 -0.3918785 0.3573968 0.3584501 0.3608491 0.3621983 -0.2995545 0.3531743 0.1066870 0.4166881 0.4156957 0.4128539 0.4110847 1.1205888 0.4143766 0.4123424 0.3452185 0.3452706 0.3443963 -0.2943617 0.3895051 -0.3922383 0.3461336 -0.3945868 0.1065110 -0.3942539 -0.3920869 -0.3940630 -0.3920020 -0.3923320 -0.2943248 0.3429506 0.3436197 -0.3944022 -0.3939656 -0.3941848 0.3244464 0.3286164 0.3425198 0.3444211 -0.3019913 -0.3011777 -0.3008851 -0.3007162 -0.3011721 -0.3004338 0.3445104 -0.3914336 -0.3919688 -0.3926342 -0.3917228 -0.3921194 0.3401867 0.3439362 0.3421249 -0.2647990 0.3483122 0.3463139 0.3430862 -0.2629830 -0.2625660 -0.2651725 0.3402005 0.3407328 0.3432903 0.3436168 0.3447355 0.3447329 0.3434059 0.3482425 0.3467229 0.3456900 -0.3944430 -0.3946378 -0.3943290 -0.3951590 0.3424082 0.3445158 0.3430040 -0.3936714 0.3429268 -0.3935562 -0.3940333 -0.3931410 0.3403168 0.3418265 0.3409289 -0.3940510 0.3385288 0.3507535 -0.3941800 0.1100891 -0.3939609 -0.3935549 -0.2659782 -0.2656158 -0.2655403 0.3393738 0.3384882 0.3428165 0.1073419 0.3370990 0.3406216 0.3430650 0.3440214 0.3486163 -0.3918040 -0.3938968 -0.3941483 -0.3940949 -0.3941703 -0.3909797
-0.2951378 -0.2944927 -0.2945973 -0.2947236 -0.2947847 0.3455231 -0.2638153 -0.2646224 -0.2651227 -0.2646435 -0.2647045 -0.2641955 -0.3925910 0.3582843 0.3672135 0.3658166 0.3690639 -0.2999649 0.3579557 0.1078424 0.4149819 0.4126018 0.4174621 0.4073050 0.4143766 1.1196425 0.4110972 0.3463116 0.3467391 0.3484598 -0.2946218 0.3852638 -0.3930288 0.3459612 -0.3955832 0.1075044 -0.3952340 -0.3927623 -0.3952221 -0.3927622 -0.3930089 -0.2943917 0.3420061 0.3455226 -0.3949627 -0.3948012 -0.3949635 0.3213559 0.3276443 0.3435076 0.3475537 -0.3022346 -0.3015227 -0.3015286 -0.3009894 -0.3013090 -0.3009489 0.3451110 -0.3922163 -0.3925909 -0.3934662 -0.3924629 -0.3930262 0.3422801 0.3444066 0.3417592 -0.2645228 0.3515019 0.3470950 0.3433848 -0.2627086 -0.2623385 -0.2650532 0.3385502 0.3442196 0.3427397 0.3417550 0.3449952 0.3428968 0.3455882 0.3483855 0.3430983 0.3448541 -0.3949773 -0.3952157 -0.3951202 -0.3957330 0.3449762 0.3497473 0.3421406 -0.3945462 0.3412650 -0.3945102 -0.3950311 -0.3939171 0.3398035 0.3417253 0.3390650 -0.3948646 0.3363421 0.3496813 -0.3951172 0.1109672 -0.3946598 -0.3945376 -0.2656713 -0.2654729 -0.2651544 0.3389679 0.3400373 0.3402096 0.1077502 0.3388465 0.3410181 0.3441489 0.3427196 0.3498306 -0.3925534 -0.3947156 -0.3948547 -0.3951174 -0.3951680 -0.3919384
-0.2931217 -0.2925873 -0.2927525 -0.2928273 -0.2930341 0.3470781 -0.2636842 -0.2645125 -0.2647952 -0.2645873 -0.2647746 -0.2641937 -0.3907974 0.3555727 0.3618198 0.3621213 0.3622208 -0.2978891 0.3535733 0.1074167 0.4129590 0.4144146 0.4230297 0.4059446 0.4123424 0.4110972 1.1179025 0.3440408 0.3423101 0.3475318 -0.2927012 0.3856192 -0.3908325 0.3430469 -0.3933188 0.1071381 -0.3936611 -0.3908855 -0.3931568 -0.3904833 -0.3909936 -0.2923472 0.3416452 0.3434540 -0.3930571 -0.3927165 -0.3929770 0.3205912 0.3287660 0.3425435 0.3458356 -0.3000997 -0.2995098 -0.2996432 -0.2989373 -0.2992415 -0.2990955 0.3460313 -0.3905088 -0.3907022 -0.3914898 -0.3905564 -0.3910405 0.3364663 0.3428632 0.3412057 -0.2641060 0.3494360 0.3459541 0.3428449 -0.2627656 -0.2621441 -0.2646135 0.3378592 0.3384727 0.3411304 0.3429077 0.3441426 0.3430074 0.3419685 0.3448644 0.3412047 0.3400208 -0.3932950 -0.3932298 -0.3931206 -0.3935069 0.3429584 0.3464538 0.3425341 -0.3926946 0.3402405 -0.3923293 -0.3930212 -0.3919804 0.3355556 0.3414877 0.3375768 -0.3931344 0.3345101 0.3488632 -0.3930937 0.1113507 -0.3927250 -0.3926190 -0.2655314 -0.2649792 -0.2646252 0.3383165 0.3388404 0.3405204 0.1072729 0.3353437 0.3395306 0.3415892 0.3359132 0.3483261 -0.3905568 -0.3926845 -0.3928790 -0.3930698 -0.3927425 -0.3901241
-0.3049431 -0.3036051 -0.3039837 -0.3042405 -0.3044462 0.3973463 -0.2729112 -0.2736491 -0.2741298 -0.2736321 -0.2740366 -0.2735722 -0.4048989 0.3490715 0.3615797 0.3607438 0.3597834 -0.3103477 0.3664867 0.0893009 0.3423769 0.3394765 0.3423949 0.3390219 0.3452185 0.3463116 0.3440408 1.1260159 0.3798210 0.3720982 -0.3043514 0.3381226 -0.4049132 0.3899830 -0.4072106 0.0903125 -0.4073462 -0.4048110 -0.4068429 -0.4045839 -0.4051553 -0.3038481 0.3635291 0.3587815 -0.4071032 -0.4067138 -0.4068757 0.3426592 0.3450457 0.3737584 0.3741722 -0.3117415 -0.3117049 -0.3118189 -0.3108760 -0.3114735 -0.3106758 0.3917480 -0.4041872 -0.4045063 -0.4055215 -0.4044621 -0.4049074 0.3726467 0.3663264 0.3565492 -0.2733362 0.3919855 0.3899534 0.3886336 -0.2719850 -0.2714930 -0.2737407 0.3718024 0.3779090 0.3841551 0.3851910 0.3881602 0.3818471 0.3636817 0.3885915 0.3907136 0.3814187 -0.4070772 -0.4072421 -0.4070097 -0.4077781 0.3875661 0.3853276 0.3632428 -0.4069035 0.3502957 -0.4067759 -0.4071017 -0.4059846 0.3692977 0.3584940 0.3664437 -0.4071564 0.3661532 0.3651108 -0.4072041 0.0908481 -0.4069767 -0.4063167 -0.2747831 -0.2744384 -0.2740793 0.3470126 0.3534795 0.3538176 0.0887671 0.3707122 0.3517398 0.3530035 0.3682863 0.3616357 -0.4041293 -0.4066915 -0.4071111 -0.4068542 -0.4068963 -0.4040026
-0.3052725 -0.3049447 -0.3047737 -0.3047692 -0.3051990 0.3769717 -0.2733757 -0.2742170 -0.2744258 -0.2740932 -0.2741594 -0.2740746 -0.4047958 0.3447011 0.3521546 0.3531125 0.3499247 -0.3106873 0.3501012 0.0898627 0.3429683 0.3434570 0.3414129 0.3405843 0.3452706 0.3467391 0.3423101 0.3798210 1.1336917 0.4043005 -0.3051668 0.3369659 -0.4053963 0.3726766 -0.4076334 0.0894231 -0.4075702 -0.4052962 -0.4071334 -0.4049224 -0.4052665 -0.3045734 0.3894664 0.3871847 -0.4072945 -0.4068690 -0.4070810 0.3635052 0.3631102 0.4085535 0.4097455 -0.3126726 -0.3122208 -0.3120274 -0.3116150 -0.3117467 -0.3115757 0.3764913 -0.4043986 -0.4049413 -0.4057357 -0.4046170 -0.4052696 0.3608697 0.3852131 0.3802215 -0.2737852 0.3733910 0.3721741 0.3679484 -0.2718800 -0.2720436 -0.2743528 0.3577013 0.3628581 0.3770115 0.3744925 0.3701176 0.3714303 0.3895569 0.3769833 0.3733163 0.3672961 -0.4075041 -0.4073221 -0.4071995 -0.4078409 0.3699097 0.3710716 0.3938402 -0.4069050 0.3786011 -0.4067032 -0.4071741 -0.4060112 0.3590271 0.3876453 0.3533806 -0.4075727 0.3553177 0.3954281 -0.4073485 0.0922175 -0.4068480 -0.4065881 -0.2751922 -0.2748832 -0.2745217 0.3407531 0.3732416 0.3814758 0.0896300 0.3598998 0.3437331 0.3419314 0.3559147 0.3437939 -0.4046844 -0.4070604 -0.4071672 -0.4072314 -0.4072613 -0.4040428
-0.3048593 -0.3035561 -0.3038788 -0.3038455 -0.3043081 0.3783771 -0.2725040 -0.2728836 -0.2736972 -0.2733289 -0.2734414 -0.2729286 -0.4034101 0.3425280 0.3471330 0.3490729 0.3458901 -0.3098564 0.3526141 0.0905816 0.3423330 0.3430899 0.3442809 0.3394724 0.3443963 0.3484598 0.3475318 0.3720982 0.4043005 1.1285127 -0.3039795 0.3411504 -0.4036061 0.3724917 -0.4059283 0.0906695 -0.4058113 -0.4033831 -0.4055728 -0.4032606 -0.4037289 -0.3038609 0.3850451 0.3846497 -0.4055780 -0.4054384 -0.4055704 0.3641748 0.3677765 0.4033235 0.4053271 -0.3113592 -0.3110926 -0.3113458 -0.3102223 -0.3110794 -0.3103015 0.3758818 -0.4027051 -0.4032995 -0.4042041 -0.4029195 -0.4036708 0.3553928 0.3833637 0.3813348 -0.2728484 0.3794199 0.3744148 0.3657503 -0.2718588 -0.2712520 -0.2731413 0.3553087 0.3599267 0.3747752 0.3730488 0.3660973 0.3747191 0.3876458 0.3737783 0.3699665 0.3650348 -0.4056527 -0.4058156 -0.4055921 -0.4063119 0.3610564 0.3672614 0.3915152 -0.4051990 0.3721973 -0.4054106 -0.4057179 -0.4044321 0.3582305 0.3808234 0.3559813 -0.4058153 0.3510557 0.3935726 -0.4059446 0.0926980 -0.4054288 -0.4049994 -0.2744412 -0.2742547 -0.2737292 0.3397654 0.3764013 0.3779240 0.0899181 0.3588537 0.3418353 0.3397279 0.3528009 0.3454520 -0.4029282 -0.4054901 -0.4055662 -0.4058329 -0.4056563 -0.4025781
