0.9535235 -0.0366213 -0.0426631 -0.0335417 -0.0347526 -0.0409608 -0.0739034 -0.0248313 -0.0567786 -0.0527922 -0.0383567 -0.0343883 -0.0524813 -0.0475473 -0.0420799 -0.0384394 -0.0380208
-0.0366213 0.9703934 -0.0265829 -0.0414902 -0.0399683 -0.0400822 -0.1131068 -0.0401006 -0.1002407 -0.0862054 -0.0213350 -0.0283708 -0.0283588 -0.0247699 -0.0424083 -0.0397397 -0.0398398
-0.0426631 -0.0265829 1.0073324 -0.0286067 -0.0522504 -0.0307320 -0.1573740 -0.0528768 -0.1378883 -0.1223251 -0.0005633 -0.0278231 -0.0073001 -0.0035121 -0.0446402 -0.0349044 -0.0477279
-0.0335417 -0.0414902 -0.0286067 0.9608780 -0.0341073 -0.0471435 -0.0647498 -0.0266599 -0.0540881 -0.0457712 -0.0479543 -0.0344118 -0.0639488 -0.0556076 -0.0438639 -0.0479436 -0.0402566
-0.0347526 -0.0399683 -0.0522504 -0.0341073 0.9661708 -0.0490322 -0.0662296 -0.0282816 -0.0554894 -0.0473558 -0.0470048 -0.0347043 -0.0625752 -0.0544590 -0.0454111 -0.0462826 -0.0356771
-0.0409608 -0.0400822 -0.0307320 -0.0471435 -0.0490322 1.0012932 -0.1195099 -0.0386511 -0.0902264 -0.0860564 -0.0227633 -0.0384489 -0.0386513 -0.0327570 -0.0489004 -0.0398536 -0.0395112
-0.0739034 -0.1131068 -0.1573740 -0.0647498 -0.0662296 -0.1195099 1.1463687 0.0435051 0.3106963 0.2311430 -0.1751891 -0.1201169 -0.2000674 -0.1786973 -0.1093613 -0.1146420 -0.0699495
-0.0248313 -0.0401006 -0.0528768 -0.0266599 -0.0282816 -0.0386511 0.0435051 0.9582696 0.0432313 0.0320978 -0.0554113 -0.0432425 -0.0782591 -0.0634778 -0.0372569 -0.0344615 -0.0249499
-0.0567786 -0.1002407 -0.1378883 -0.0540881 -0.0554894 -0.0902264 0.3106963 0.0432313 1.1481317 0.1962649 -0.1547269 -0.1176275 -0.1960224 -0.1685127 -0.0943613 -0.0978518 -0.0520484
-0.0527922 -0.0862054 -0.1223251 -0.0457712 -0.0473558 -0.0860564 0.2311430 0.0320978 0.1962649 1.0765250 -0.1371367 -0.0989799 -0.1791505 -0.1509441 -0.0851336 -0.0897682 -0.0454851
-0.0383567 -0.0213350 -0.0005633 -0.0479543 -0.0470048 -0.0227633 -0.1751891 -0.0554113 -0.1547269 -0.1371367 0.9894181 0.0265616 0.0545790 0.0359792 -0.0344442 -0.0259243 -0.0424246
-0.0343883 -0.0283708 -0.0278231 -0.0344118 -0.0347043 -0.0384489 -0.1201169 -0.0432425 -0.1176275 -0.0989799 0.0265616 0.9386581 0.0222385 -0.0028095 -0.0323819 -0.0326440 -0.0396325
-0.0524813 -0.0283588 -0.0073001 -0.0639488 -0.0625752 -0.0386513 -0.2000674 -0.0782591 -0.1960224 -0.1791505 0.0545790 0.0222385 1.0782534 0.0332066 -0.0531151 -0.0357248 -0.0603027
-0.0475473 -0.0247699 -0.0035121 -0.0556076 -0.0544590 -0.0327570 -0.1786973 -0.0634778 -0.1685127 -0.1509441 0.0359792 -0.0028095 0.0332066 1.0166483 -0.0468575 -0.0284608 -0.0541535
-0.0420799 -0.0424083 -0.0446402 -0.0438639 -0.0454111 -0.0489004 -0.1093613 -0.0372569 -0.0943613 -0.0851336 -0.0344442 -0.0323819 -0.0531151 -0.0468575 0.9923250 -0.0386922 -0.0467487
-0.0384394 -0.0397397 -0.0349044 -0.0479436 -0.0462826 -0.0398536 -0.1146420 -0.0344615 -0.0978518 -0.0897682 -0.0259243 -0.0326440 -0.0357248 -0.0284608 -0.0386922 0.9818491 -0.0463118
-0.0380208 -0.0398398 -0.0477279 -0.0402566 -0.0356771 -0.0395112 -0.0699495 -0.0249499 -0.0520484 -0.0454851 -0.0424246 -0.0396325 -0.0603027 -0.0541535 -0.0467487 -0.0463118 0.9492992
