1.6146410 0.5849048 -0.6881424 -0.6892385 -0.6919177 -0.6915554 0.5737000 0.5718319
0.5849048 1.5309676 -0.6559370 -0.6577879 -0.6611881 -0.6591923 0.5779827 0.5738389
-0.6881424 -0.6559370 1.0207269 0.5564833 0.5525037 0.5603735 -0.6722400 -0.6616699
-0.6892385 -0.6577879 0.5564833 1.0156909 0.5560829 0.5602496 -0.6731873 -0.6632487
-0.6919177 -0.6611881 0.5525037 0.5560829 1.0277258 0.5560378 -0.6766397 -0.6662821
-0.6915554 -0.6591923 0.5603735 0.5602496 0.5560378 1.0135101 -0.6753474 -0.6648933
0.5737000 0.5779827 -0.6722400 -0.6731873 -0.6766397 -0.6753474 1.5420707 0.5672944
0.5718319 0.5738389 -0.6616699 -0.6632487 -0.6662821 -0.6648933 0.5672944 1.5140747
