1.4282708 0.3486772 0.3497611 0.3411689 -0.5156273 -0.5171602 -0.5178853 -0.5185081
0.3486772 1.5586301 0.3519795 0.3493808 -0.5537914 -0.5551433 -0.5555348 -0.5558656
0.3497611 0.3519795 1.4423571 0.3483395 -0.5217953 -0.5223080 -0.5236931 -0.5237560
0.3411689 0.3493808 0.3483395 1.4284837 -0.5125262 -0.5136214 -0.5141405 -0.5144955
-0.5156273 -0.5537914 -0.5217953 -0.5125262 0.8216306 0.4119405 0.4083332 0.4084041
-0.5171602 -0.5551433 -0.5223080 -0.5136214 0.4119405 0.8209956 0.4111648 0.4077085
-0.5178853 -0.5555348 -0.5236931 -0.5141405 0.4083332 0.4111648 0.8277924 0.4063767
-0.5185081 -0.5558656 -0.5237560 -0.5144955 0.4084041 0.4077085 0.4063767 0.8312149
