1.0137217 -0.0025454 0.0026292 -0.0365496 -0.0377338 -0.0396030 -0.0382755 -0.0355495 -0.0374922 -0.0344290 0.0090620 0.0074674 0.0080487 -0.0117723 -0.0160172 -0.0106060 -0.0093082 -0.0170445 -0.0138633 -0.0122928 -0.0098206 -0.0045101 -0.0212780 -0.0103776 -0.0082245 -0.0135190 -0.0114784 -0.0189642 -0.0153105 -0.0107963 -0.0117149 0.0031058 0.0159504 0.0058592 -0.0129600 -0.0158628 -0.0139503 -0.0138543 0.0068618 0.0057456 0.0021696 0.0014249 -0.0000587 -0.0002789 -0.0110427 -0.0039919 -0.0289914 -0.0095165 -0.0151364 -0.0127147 -0.0039061 -0.0024838 -0.0087377 -0.0150453 -0.0194950 -0.0120550 -0.0189291 -0.0184172 -0.0264709 -0.0296160 -0.0230326 -0.0231904
-0.0025454 1.0059412 0.0078981 -0.0505188 -0.0479373 -0.0495259 -0.0498683 -0.0480494 -0.0485546 -0.0489960 -0.0050296 0.0001605 -0.0029856 -0.0033114 -0.0020952 -0.0115811 -0.0034337 -0.0035363 -0.0029617 -0.0069528 -0.0015213 0.0060474 0.0017034 0.0029466 -0.0025169 -0.0011416 -0.0024425 -0.0200764 -0.0038251 -0.0034822 -0.0035568 -0.0019256 0.0000328 0.0053352 -0.0039566 -0.0055878 -0.0076483 -0.0056197 0.0043301 0.0023313 -0.0009098 -0.0004731 0.0008605 -0.0044329 -0.0080157 -0.0073991 -0.0485726 -0.0070410 -0.0048726 -0.0056064 -0.0030336 -0.0044773 -0.0066601 -0.0280259 -0.0309327 -0.0142884 -0.0271067 -0.0359940 -0.0409791 -0.0363308 -0.0374296 -0.0401449
0.0026292 0.0078981 0.9925877 -0.0569163 -0.0574890 -0.0569543 -0.0555899 -0.0591116 -0.0554476 -0.0560192 0.0008509 0.0046757 -0.0026835 -0.0065304 -0.0062701 -0.0230357 -0.0258881 -0.0019128 -0.0167258 -0.0252201 0.0103778 0.0200891 0.0103543 0.0221839 0.0139163 0.0126805 0.0006494 -0.0248816 0.0093522 0.0108043 0.0044530 0.0094107 0.0092661 0.0088170 -0.0104270 -0.0127481 -0.0154610 -0.0114347 0.0074243 0.0106073 0.0068780 0.0111463 0.0074083 0.0048800 -0.0005365 -0.0043184 -0.0589036 0.0052696 0.0027336 0.0057688 0.0048126 0.0037624 -0.0132322 -0.0290815 -0.0347924 -0.0255333 -0.0360655 -0.0429712 -0.0520044 -0.0427587 -0.0446799 -0.0505371
-0.0365496 -0.0505188 -0.0569163 1.0799738 0.1676733 0.1660048 0.1686048 0.1604736 0.1572191 0.1568596 -0.0357583 -0.0454822 -0.0401342 -0.0195797 -0.0231847 -0.0132872 -0.0199199 -0.0269205 -0.0249298 -0.0175331 -0.0969786 -0.0896798 -0.0954257 -0.0880655 -0.0893226 -0.0917771 -0.0908592 0.0156212 -0.0952779 -0.0917433 -0.0923554 -0.0387491 -0.0420126 -0.0368157 -0.0293799 -0.0195929 -0.0156723 -0.0217420 -0.0474135 -0.0425526 -0.0413399 -0.0524041 -0.0862137 -0.0880353 -0.0886148 -0.0914529 0.1524422 -0.0880156 -0.0914966 -0.0910144 -0.0879200 -0.0849318 -0.0204130 0.0582081 0.0753824 0.0100575 0.0477529 0.0734887 0.0951495 0.0786768 0.0783608 0.0890956
-0.0377338 -0.0479373 -0.0574890 0.1676733 1.0747619 0.1653976 0.1663059 0.1588516 0.1557726 0.1586293 -0.0374532 -0.0457748 -0.0415658 -0.0189839 -0.0227453 -0.0170779 -0.0181727 -0.0255313 -0.0262680 -0.0149999 -0.0948743 -0.0861893 -0.0912501 -0.0861700 -0.0876801 -0.0861213 -0.0867673 0.0150239 -0.0920329 -0.0873738 -0.0883766 -0.0422755 -0.0462752 -0.0391599 -0.0299607 -0.0185547 -0.0160687 -0.0227383 -0.0499028 -0.0415251 -0.0452762 -0.0516698 -0.0881764 -0.0879857 -0.0858985 -0.0870035 0.1447213 -0.0870581 -0.0871340 -0.0868899 -0.0874451 -0.0827999 -0.0193476 0.0587876 0.0752520 0.0100968 0.0460589 0.0737367 0.0922517 0.0791642 0.0778349 0.0872358
-0.0396030 -0.0495259 -0.0569543 0.1660048 0.1653976 1.0793242 0.1687438 0.1562138 0.1584168 0.1655647 -0.0371560 -0.0436189 -0.0401367 -0.0213879 -0.0224484 -0.0174137 -0.0219351 -0.0266539 -0.0264761 -0.0185561 -0.0935671 -0.0875483 -0.0927482 -0.0876930 -0.0883254 -0.0881020 -0.0880115 0.0157638 -0.0920631 -0.0898956 -0.0884304 -0.0388884 -0.0439158 -0.0382351 -0.0296423 -0.0200574 -0.0180107 -0.0229418 -0.0489749 -0.0427790 -0.0455037 -0.0515168 -0.0872858 -0.0869918 -0.0845142 -0.0891839 0.1463436 -0.0896070 -0.0878357 -0.0876908 -0.0891171 -0.0837906 -0.0212595 0.0583759 0.0753862 0.0106310 0.0470387 0.0695445 0.0930902 0.0785253 0.0816227 0.0866618
-0.0382755 -0.0498683 -0.0555899 0.1686048 0.1663059 0.1687438 1.0754701 0.1586556 0.1543715 0.1531411 -0.0362808 -0.0434127 -0.0405280 -0.0212604 -0.0212456 -0.0144033 -0.0207725 -0.0230890 -0.0248700 -0.0157789 -0.0930301 -0.0857986 -0.0951376 -0.0881521 -0.0885588 -0.0885061 -0.0875465 0.0177036 -0.0956061 -0.0911760 -0.0913801 -0.0375061 -0.0468312 -0.0361677 -0.0271531 -0.0190601 -0.0146677 -0.0237137 -0.0490412 -0.0423544 -0.0417391 -0.0496494 -0.0883359 -0.0901325 -0.0881023 -0.0893419 0.1502709 -0.0885604 -0.0888856 -0.0884959 -0.0876983 -0.0854106 -0.0178967 0.0608021 0.0756702 0.0104288 0.0495731 0.0745590 0.0932607 0.0805217 0.0805660 0.0882342
-0.0355495 -0.0480494 -0.0591116 0.1604736 0.1588516 0.1562138 0.1586556 1.0745491 0.1528692 0.1506879 -0.0329196 -0.0436689 -0.0384774 -0.0221698 -0.0227345 -0.0127889 -0.0175945 -0.0260395 -0.0258001 -0.0178624 -0.0934101 -0.0870674 -0.0912753 -0.0877263 -0.0863023 -0.0849699 -0.0843127 0.0169165 -0.0899847 -0.0894844 -0.0874757 -0.0405278 -0.0432593 -0.0375997 -0.0286368 -0.0195918 -0.0164312 -0.0240791 -0.0476416 -0.0421076 -0.0414273 -0.0490681 -0.0855029 -0.0861470 -0.0845748 -0.0861618 0.1487643 -0.0853883 -0.0875134 -0.0864915 -0.0856466 -0.0830890 -0.0199853 0.0562637 0.0727191 0.0129530 0.0468927 0.0701828 0.0907621 0.0716070 0.0746702 0.0847710
-0.0374922 -0.0485546 -0.0554476 0.1572191 0.1557726 0.1584168 0.1543715 0.1528692 1.0758159 0.1488031 -0.0334845 -0.0449648 -0.0381103 -0.0231624 -0.0246681 -0.0151243 -0.0211880 -0.0268122 -0.0225772 -0.0170585 -0.0939896 -0.0863872 -0.0918779 -0.0882782 -0.0887582 -0.0864177 -0.0851284 0.0155710 -0.0904472 -0.0885032 -0.0898501 -0.0386428 -0.0437247 -0.0379076 -0.0310099 -0.0208140 -0.0156725 -0.0214679 -0.0490112 -0.0439618 -0.0420692 -0.0517182 -0.0861162 -0.0847482 -0.0838726 -0.0873078 0.1451993 -0.0877091 -0.0859953 -0.0866648 -0.0847424 -0.0798224 -0.0198966 0.0559402 0.0727287 0.0112151 0.0488263 0.0703302 0.0910207 0.0767721 0.0792429 0.0891069
-0.0344290 -0.0489960 -0.0560192 0.1568596 0.1586293 0.1655647 0.1531411 0.1506879 0.1488031 1.0754387 -0.0335679 -0.0428074 -0.0386798 -0.0232624 -0.0244513 -0.0171911 -0.0216197 -0.0280698 -0.0228745 -0.0171693 -0.0922153 -0.0839263 -0.0914363 -0.0861515 -0.0879809 -0.0861214 -0.0840932 0.0162043 -0.0889286 -0.0879413 -0.0877526 -0.0394335 -0.0439320 -0.0365341 -0.0300391 -0.0186742 -0.0181214 -0.0252961 -0.0491476 -0.0419463 -0.0408134 -0.0490350 -0.0838729 -0.0839859 -0.0831185 -0.0854804 0.1442963 -0.0870398 -0.0868302 -0.0853633 -0.0863788 -0.0792661 -0.0208139 0.0560750 0.0712535 0.0069302 0.0467556 0.0701513 0.0892733 0.0733348 0.0760367 0.0841912
0.0090620 -0.0050296 0.0008509 -0.0357583 -0.0374532 -0.0371560 -0.0362808 -0.0329196 -0.0334845 -0.0335679 1.0097792 0.0085666 0.0054892 -0.0134994 -0.0130475 -0.0102002 -0.0127019 -0.0130610 -0.0109474 -0.0138331 -0.0098483 -0.0041555 -0.0145508 -0.0076731 -0.0091973 -0.0149301 -0.0148459 -0.0168685 -0.0153928 -0.0075459 -0.0111227 0.0050710 0.0056471 -0.0000166 -0.0153376 -0.0170019 -0.0156280 -0.0136220 0.0101179 0.0011392 0.0042671 0.0049209 -0.0014308 -0.0027949 -0.0120359 -0.0028384 -0.0272258 -0.0133006 -0.0161523 -0.0123651 -0.0033512 -0.0025899 -0.0095184 -0.0198071 -0.0167874 -0.0127254 -0.0214748 -0.0169388 -0.0239458 -0.0304501 -0.0257020 -0.0254401
0.0074674 0.0001605 0.0046757 -0.0454822 -0.0457748 -0.0436189 -0.0434127 -0.0436689 -0.0449648 -0.0428074 0.0085666 0.9889509 0.0037107 -0.0117983 -0.0138778 -0.0127812 -0.0161197 -0.0100087 -0.0128819 -0.0171350 0.0009080 0.0080685 -0.0085498 0.0002559 0.0018227 -0.0053868 -0.0062934 -0.0192146 -0.0086794 -0.0029409 -0.0033843 0.0082281 0.0136164 0.0114715 -0.0118425 -0.0135889 -0.0157067 -0.0134864 0.0096770 0.0060624 0.0083508 0.0105832 0.0054772 -0.0010075 -0.0045075 -0.0012880 -0.0407486 -0.0053843 -0.0068932 -0.0061378 0.0003328 -0.0000625 -0.0089686 -0.0227998 -0.0271668 -0.0188182 -0.0251294 -0.0267497 -0.0356844 -0.0346570 -0.0304511 -0.0375706
0.0080487 -0.0029856 -0.0026835 -0.0401342 -0.0415658 -0.0401367 -0.0405280 -0.0384774 -0.0381103 -0.0386798 0.0054892 0.0037107 0.9917707 -0.0093921 -0.0072453 -0.0062686 -0.0036648 -0.0089743 -0.0035679 -0.0046802 -0.0077920 -0.0039928 -0.0151706 -0.0075901 -0.0081063 -0.0122027 -0.0125270 -0.0171656 -0.0065549 -0.0081753 -0.0103816 0.0026788 0.0018327 0.0042904 -0.0057291 -0.0037359 -0.0064903 -0.0058234 0.0016928 0.0011518 0.0038568 -0.0007300 -0.0048571 -0.0052624 -0.0101499 -0.0093016 -0.0347939 -0.0080300 -0.0082166 -0.0090687 -0.0016011 -0.0067329 -0.0043097 -0.0197763 -0.0227250 -0.0120027 -0.0216214 -0.0209496 -0.0311124 -0.0277358 -0.0274700 -0.0297323
-0.0117723 -0.0033114 -0.0065304 -0.0195797 -0.0189839 -0.0213879 -0.0212604 -0.0221698 -0.0231624 -0.0232624 -0.0134994 -0.0117983 -0.0093921 0.9617491 0.0156559 0.0009801 0.0015315 0.0093784 0.0032480 -0.0009087 -0.0140600 -0.0040753 -0.0147981 -0.0062710 -0.0063599 -0.0083861 -0.0136812 0.0015873 -0.0122917 -0.0095051 -0.0148517 -0.0135060 -0.0088253 -0.0116294 0.0064966 0.0046734 0.0046834 0.0099702 -0.0088411 -0.0038708 -0.0064845 -0.0016322 -0.0199866 -0.0165564 -0.0169998 -0.0206971 -0.0228267 -0.0145334 -0.0160062 -0.0136429 -0.0182077 -0.0151958 0.0074704 -0.0062461 -0.0134901 -0.0003993 -0.0146827 -0.0136048 -0.0186452 -0.0157863 -0.0174482 -0.0196535
-0.0160172 -0.0020952 -0.0062701 -0.0231847 -0.0227453 -0.0224484 -0.0212456 -0.0227345 -0.0246681 -0.0244513 -0.0130475 -0.0138778 -0.0072453 0.0156559 0.9605393 0.0015754 0.0102889 0.0092809 0.0079467 0.0072659 -0.0110915 -0.0045215 -0.0164765 -0.0064464 -0.0074505 -0.0098368 -0.0129858 0.0005700 -0.0084980 -0.0097861 -0.0128141 -0.0139242 -0.0120894 -0.0049826 0.0074864 0.0102705 0.0116830 0.0116097 -0.0077814 -0.0074419 -0.0011417 -0.0063896 -0.0142819 -0.0147089 -0.0172946 -0.0205933 -0.0234515 -0.0158936 -0.0117878 -0.0128680 -0.0149356 -0.0175742 0.0091223 -0.0040862 -0.0064697 0.0017288 -0.0070943 -0.0133916 -0.0152244 -0.0130329 -0.0180533 -0.0180429
-0.0106060 -0.0115811 -0.0230357 -0.0132872 -0.0170779 -0.0174137 -0.0144033 -0.0127889 -0.0151243 -0.0171911 -0.0102002 -0.0127812 -0.0062686 0.0009801 0.0015754 1.0031996 0.0178868 0.0004548 0.0057798 0.0123435 -0.0280339 -0.0237252 -0.0321111 -0.0281099 -0.0257366 -0.0276776 -0.0277059 -0.0037926 -0.0275768 -0.0264531 -0.0286464 -0.0201031 -0.0184934 -0.0138895 0.0044613 0.0038374 0.0053575 0.0069652 -0.0159000 -0.0173356 -0.0159411 -0.0159492 -0.0242846 -0.0213597 -0.0258408 -0.0218391 -0.0072627 -0.0264458 -0.0313639 -0.0304900 -0.0230859 -0.0232066 0.0042243 -0.0023441 -0.0005789 0.0078236 0.0022672 -0.0037722 -0.0010142 -0.0065909 -0.0082013 -0.0001414
-0.0093082 -0.0034337 -0.0258881 -0.0199199 -0.0181727 -0.0219351 -0.0207725 -0.0175945 -0.0211880 -0.0216197 -0.0127019 -0.0161197 -0.0036648 0.0015315 0.0102889 0.0178868 1.0700125 -0.0029354 0.0153050 0.0232955 -0.0310855 -0.0273307 -0.0381913 -0.0273598 -0.0282634 -0.0314226 -0.0314561 -0.0048305 -0.0330197 -0.0305056 -0.0339568 -0.0188427 -0.0178800 -0.0102318 0.0015313 0.0083369 0.0093588 0.0089457 -0.0145631 -0.0152660 -0.0146128 -0.0189128 -0.0212067 -0.0267779 -0.0276718 -0.0216026 -0.0084269 -0.0328947 -0.0360545 -0.0348008 -0.0230221 -0.0255031 0.0092808 -0.0043494 -0.0056676 0.0055498 0.0024647 -0.0056002 -0.0072255 -0.0134190 -0.0112679 -0.0052777
-0.0170445 -0.0035363 -0.0019128 -0.0269205 -0.0255313 -0.0266539 -0.0230890 -0.0260395 -0.0268122 -0.0280698 -0.0130610 -0.0100087 -0.0089743 0.0093784 0.0092809 0.0004548 -0.0029354 0.9594532 -0.0015208 0.0111479 -0.0133578 -0.0029323 -0.0153576 -0.0068622 -0.0070982 -0.0057461 -0.0165020 -0.0033268 -0.0117691 -0.0115429 -0.0150675 -0.0104705 -0.0076175 -0.0086895 0.0043825 0.0114779 0.0109580 0.0079910 -0.0116084 -0.0084718 -0.0054626 -0.0073707 -0.0136857 -0.0154766 -0.0168515 -0.0216812 -0.0272690 -0.0141046 -0.0114657 -0.0144654 -0.0157699 -0.0155371 0.0019282 -0.0047085 -0.0077482 -0.0004850 -0.0091463 -0.0109017 -0.0158492 -0.0121128 -0.0188426 -0.0208637
-0.0138633 -0.0029617 -0.0167258 -0.0249298 -0.0262680 -0.0264761 -0.0248700 -0.0258001 -0.0225772 -0.0228745 -0.0109474 -0.0128819 -0.0035679 0.0032480 0.0079467 0.0057798 0.0153050 -0.0015208 1.0000536 0.0125874 -0.0211928 -0.0175421 -0.0245618 -0.0173276 -0.0182266 -0.0212491 -0.0196049 -0.0049086 -0.0190364 -0.0200163 -0.0216688 -0.0154939 -0.0140336 -0.0157753 0.0042521 0.0036916 0.0063700 0.0051064 -0.0147507 -0.0117892 -0.0099127 -0.0129872 -0.0187091 -0.0175627 -0.0236770 -0.0184963 -0.0212510 -0.0232300 -0.0233143 -0.0211588 -0.0159014 -0.0176205 0.0072672 -0.0090969 -0.0115566 -0.0021294 -0.0046642 -0.0108899 -0.0180033 -0.0188947 -0.0164913 -0.0186891
-0.0122928 -0.0069528 -0.0252201 -0.0175331 -0.0149999 -0.0185561 -0.0157789 -0.0178624 -0.0170585 -0.0171693 -0.0138331 -0.0171350 -0.0046802 -0.0009087 0.0072659 0.0123435 0.0232955 0.0111479 0.0125874 1.0130718 -0.0305888 -0.0264693 -0.0361584 -0.0277114 -0.0282913 -0.0300735 -0.0297743 -0.0003487 -0.0320118 -0.0298050 -0.0285701 -0.0198265 -0.0204559 -0.0138383 0.0101197 0.0087089 0.0200943 0.0095611 -0.0194694 -0.0139149 -0.0111354 -0.0183897 -0.0292147 -0.0293167 -0.0291265 -0.0307940 -0.0129495 -0.0316611 -0.0313108 -0.0326030 -0.0245708 -0.0289943 0.0079136 0.0006032 0.0007668 0.0031858 0.0039576 -0.0000020 -0.0051884 -0.0048718 -0.0092221 -0.0027445
-0.0098206 -0.0015213 0.0103778 -0.0969786 -0.0948743 -0.0935671 -0.0930301 -0.0934101 -0.0939896 -0.0922153 -0.0098483 0.0009080 -0.0077920 -0.0140600 -0.0110915 -0.0280339 -0.0310855 -0.0133578 -0.0211928 -0.0305888 0.9926550 0.0571612 0.0660632 0.0560862 0.0632114 0.0634795 0.0599744 -0.0316539 0.0647923 0.0640518 0.0649187 0.0004994 -0.0001544 -0.0049451 -0.0077005 -0.0174155 -0.0206240 -0.0203998 0.0021174 0.0010224 0.0014319 0.0070645 0.0438959 0.0448736 0.0596804 0.0524811 -0.0952692 0.0580163 0.0614660 0.0657336 0.0487762 0.0425929 -0.0162362 -0.0610795 -0.0731802 -0.0375505 -0.0704648 -0.0796172 -0.0841317 -0.0801200 -0.0802923 -0.0897164
-0.0045101 0.0060474 0.0200891 -0.0896798 -0.0861893 -0.0875483 -0.0857986 -0.0870674 -0.0863872 -0.0839263 -0.0041555 0.0080685 -0.0039928 -0.0040753 -0.0045215 -0.0237252 -0.0273307 -0.0029323 -0.0175421 -0.0264693 0.0571612 0.9906547 0.0479418 0.0626053 0.0545435 0.0473622 0.0392826 -0.0298184 0.0443266 0.0482704 0.0473393 0.0028117 0.0071618 -0.0000028 -0.0043533 -0.0124145 -0.0159417 -0.0161443 0.0089496 0.0082756 0.0030922 0.0107770 0.0462775 0.0465313 0.0379267 0.0348989 -0.0888400 0.0411569 0.0405758 0.0442576 0.0461690 0.0449698 -0.0095881 -0.0517603 -0.0635243 -0.0327432 -0.0605155 -0.0712874 -0.0754672 -0.0692338 -0.0702126 -0.0800726
-0.0212780 0.0017034 0.0103543 -0.0954257 -0.0912501 -0.0927482 -0.0951376 -0.0912753 -0.0918779 -0.0914363 -0.0145508 -0.0085498 -0.0151706 -0.0147981 -0.0164765 -0.0321111 -0.0381913 -0.0153576 -0.0245618 -0.0361584 0.0660632 0.0479418 1.0312195 0.0479408 0.0621872 0.0606791 0.0592015 -0.0346585 0.0682352 0.0667611 0.0644741 -0.0067656 -0.0034770 -0.0126321 -0.0152511 -0.0215248 -0.0234806 -0.0218135 -0.0003821 -0.0047356 -0.0053324 0.0024124 0.0341148 0.0387611 0.0553091 0.0531766 -0.1006123 0.0560949 0.0619285 0.0618139 0.0412819 0.0393274 -0.0202875 -0.0682632 -0.0812522 -0.0454370 -0.0717690 -0.0864623 -0.0908660 -0.0796504 -0.0844404 -0.0927924
-0.0103776 0.0029466 0.0221839 -0.0880655 -0.0861700 -0.0876930 -0.0881521 -0.0877263 -0.0882782 -0.0861515 -0.0076731 0.0002559 -0.0075901 -0.0062710 -0.0064464 -0.0281099 -0.0273598 -0.0068622 -0.0173276 -0.0277114 0.0560862 0.0626053 0.0479408 0.9830306 0.0535703 0.0505311 0.0421889 -0.0316706 0.0495378 0.0512399 0.0486817 0.0005636 0.0001058 -0.0050818 -0.0044466 -0.0113488 -0.0160608 -0.0176603 0.0073979 0.0033285 0.0047192 0.0069894 0.0460294 0.0476188 0.0422059 0.0366366 -0.0904477 0.0452295 0.0435166 0.0474410 0.0484056 0.0450681 -0.0132666 -0.0559411 -0.0647614 -0.0364601 -0.0655957 -0.0731306 -0.0798110 -0.0722229 -0.0752410 -0.0851074
-0.0082245 -0.0025169 0.0139163 -0.0893226 -0.0876801 -0.0883254 -0.0885588 -0.0863023 -0.0887582 -0.0879809 -0.0091973 0.0018227 -0.0081063 -0.0063599 -0.0074505 -0.0257366 -0.0282634 -0.0070982 -0.0182266 -0.0282913 0.0632114 0.0545435 0.0621872 0.0535703 0.9963699 0.0609190 0.0509980 -0.0264266 0.0584029 0.0584835 0.0586760 0.0010904 0.0034909 -0.0043682 -0.0035982 -0.0133703 -0.0164907 -0.0168118 0.0043619 0.0031329 0.0024148 0.0080092 0.0400484 0.0392197 0.0508275 0.0468372 -0.0905288 0.0527465 0.0539707 0.0606828 0.0416676 0.0393262 -0.0107982 -0.0550663 -0.0690158 -0.0348389 -0.0648371 -0.0735665 -0.0759932 -0.0727498 -0.0748308 -0.0852294
-0.0135190 -0.0011416 0.0126805 -0.0917771 -0.0861213 -0.0881020 -0.0885061 -0.0849699 -0.0864177 -0.0861214 -0.0149301 -0.0053868 -0.0122027 -0.0083861 -0.0098368 -0.0276776 -0.0314226 -0.0057461 -0.0212491 -0.0300735 0.0634795 0.0473622 0.0606791 0.0505311 0.0609190 0.9851074 0.0521747 -0.0295500 0.0637529 0.0605991 0.0615670 -0.0042817 -0.0020088 -0.0059551 -0.0083704 -0.0124064 -0.0199129 -0.0170502 0.0015309 0.0025521 -0.0020120 0.0042689 0.0354907 0.0389472 0.0562935 0.0482682 -0.0888114 0.0540586 0.0590112 0.0586932 0.0404673 0.0348992 -0.0153970 -0.0556800 -0.0669281 -0.0351825 -0.0632389 -0.0735844 -0.0767440 -0.0677110 -0.0741048 -0.0824667
-0.0114784 -0.0024425 0.0006494 -0.0908592 -0.0867673 -0.0880115 -0.0875465 -0.0843127 -0.0851284 -0.0840932 -0.0148459 -0.0062934 -0.0125270 -0.0136812 -0.0129858 -0.0277059 -0.0314561 -0.0165020 -0.0196049 -0.0297743 0.0599744 0.0392826 0.0592015 0.0421889 0.0509980 0.0521747 1.0047423 -0.0288111 0.0603070 0.0585564 0.0548517 -0.0058972 -0.0052806 -0.0050190 -0.0088483 -0.0161805 -0.0213632 -0.0242427 -0.0000616 -0.0026130 -0.0017883 0.0019412 0.0369532 0.0353101 0.0537807 0.0526762 -0.0878241 0.0535103 0.0551440 0.0564480 0.0355156 0.0347973 -0.0166476 -0.0577261 -0.0668165 -0.0354003 -0.0643804 -0.0718174 -0.0785760 -0.0733025 -0.0717666 -0.0782203
-0.0189642 -0.0200764 -0.0248816 0.0156212 0.0150239 0.0157638 0.0177036 0.0169165 0.0155710 0.0162043 -0.0168685 -0.0192146 -0.0171656 0.0015873 0.0005700 -0.0037926 -0.0048305 -0.0033268 -0.0049086 -0.0003487 -0.0316539 -0.0298184 -0.0346585 -0.0316706 -0.0264266 -0.0295500 -0.0288111 0.9843463 -0.0317427 -0.0296631 -0.0294056 -0.0210743 -0.0193028 -0.0179852 -0.0047870 -0.0027062 0.0001034 -0.0032589 -0.0203048 -0.0176612 -0.0135600 -0.0196554 -0.0330501 -0.0347573 -0.0316400 -0.0315820 0.0198459 -0.0287959 -0.0286868 -0.0284758 -0.0334063 -0.0326099 -0.0005828 0.0111456 0.0131707 0.0052045 0.0075354 0.0092955 0.0175255 0.0141665 0.0141495 0.0162655
-0.0153105 -0.0038251 0.0093522 -0.0952779 -0.0920329 -0.0920631 -0.0956061 -0.0899847 -0.0904472 -0.0889286 -0.0153928 -0.0086794 -0.0065549 -0.0122917 -0.0084980 -0.0275768 -0.0330197 -0.0117691 -0.0190364 -0.0320118 0.0647923 0.0443266 0.0682352 0.0495378 0.0584029 0.0637529 0.0603070 -0.0317427 0.9981773 0.0652818 0.0639432 -0.0086828 -0.0040726 -0.0100007 -0.0109153 -0.0194932 -0.0201545 -0.0195166 -0.0051504 -0.0043923 -0.0029318 0.0035217 0.0385753 0.0427172 0.0600314 0.0471699 -0.0963614 0.0619700 0.0604548 0.0585378 0.0390912 0.0384159 -0.0163197 -0.0632704 -0.0734804 -0.0393498 -0.0689399 -0.0782525 -0.0842699 -0.0746682 -0.0828327 -0.0874118
-0.0107963 -0.0034822 0.0108043 -0.0917433 -0.0873738 -0.0898956 -0.0911760 -0.0894844 -0.0885032 -0.0879413 -0.0075459 -0.0029409 -0.0081753 -0.0095051 -0.0097861 -0.0264531 -0.0305056 -0.0115429 -0.0200163 -0.0298050 0.0640518 0.0482704 0.0667611 0.0512399 0.0584835 0.0605991 0.0585564 -0.0296631 0.0652818 0.9904069 0.0660711 -0.0022489 -0.0015534 -0.0082045 -0.0066733 -0.0172702 -0.0200968 -0.0189222 0.0005322 0.0001293 -0.0020433 0.0077164 0.0416356 0.0447378 0.0604869 0.0532123 -0.0948406 0.0589275 0.0580075 0.0613339 0.0401000 0.0424948 -0.0117267 -0.0572126 -0.0689937 -0.0365654 -0.0694386 -0.0766124 -0.0804292 -0.0740174 -0.0790128 -0.0858836
-0.0117149 -0.0035568 0.0044530 -0.0923554 -0.0883766 -0.0884304 -0.0913801 -0.0874757 -0.0898501 -0.0877526 -0.0111227 -0.0033843 -0.0103816 -0.0148517 -0.0128141 -0.0286464 -0.0339568 -0.0150675 -0.0216688 -0.0285701 0.0649187 0.0473393 0.0644741 0.0486817 0.0586760 0.0615670 0.0548517 -0.0294056 0.0639432 0.0660711 0.9942409 -0.0060741 -0.0018010 -0.0069553 -0.0076376 -0.0176991 -0.0196231 -0.0193407 0.0006599 -0.0021574 -0.0047255 0.0037358 0.0432343 0.0431937 0.0635808 0.0566249 -0.0906390 0.0584770 0.0692660 0.0626588 0.0416851 0.0387296 -0.0153780 -0.0584039 -0.0728333 -0.0391165 -0.0699028 -0.0786049 -0.0815377 -0.0782378 -0.0785046 -0.0850921
0.0031058 -0.0019256 0.0094107 -0.0387491 -0.0422755 -0.0388884 -0.0375061 -0.0405278 -0.0386428 -0.0394335 0.0050710 0.0082281 0.0026788 -0.0135060 -0.0139242 -0.0201031 -0.0188427 -0.0104705 -0.0154939 -0.0198265 0.0004994 0.0028117 -0.0067656 0.0005636 0.0010904 -0.0042817 -0.0058972 -0.0210743 -0.0086828 -0.0022489 -0.0060741 0.9906474 0.0108794 0.0116904 -0.0130092 -0.0127990 -0.0159519 -0.0156369 0.0093204 0.0110663 0.0008252 0.0053222 -0.0022161 -0.0008996 -0.0060021 -0.0088758 -0.0365167 -0.0059507 -0.0084080 -0.0052239 -0.0058703 0.0000970 -0.0102767 -0.0241250 -0.0243957 -0.0189993 -0.0248029 -0.0253219 -0.0330858 -0.0321271 -0.0297007 -0.0330668
0.0159504 0.0000328 0.0092661 -0.0420126 -0.0462752 -0.0439158 -0.0468312 -0.0432593 -0.0437247 -0.0439320 0.0056471 0.0136164 0.0018327 -0.0088253 -0.0120894 -0.0184934 -0.0178800 -0.0076175 -0.0140336 -0.0204559 -0.0001544 0.0071618 -0.0034770 0.0001058 0.0034909 -0.0020088 -0.0052806 -0.0193028 -0.0040726 -0.0015534 -0.0018010 0.0108794 0.9819494 0.0036200 -0.0094307 -0.0148954 -0.0117450 -0.0087311 0.0172643 0.0114002 0.0070215 0.0088329 0.0053952 -0.0000439 -0.0067064 -0.0050559 -0.0431818 -0.0026702 -0.0079165 -0.0075968 -0.0040173 -0.0005900 -0.0097871 -0.0203105 -0.0281488 -0.0195790 -0.0286918 -0.0249237 -0.0376509 -0.0360968 -0.0323401 -0.0381436
0.0058592 0.0053352 0.0088170 -0.0368157 -0.0391599 -0.0382351 -0.0361677 -0.0375997 -0.0379076 -0.0365341 -0.0000166 0.0114715 0.0042904 -0.0116294 -0.0049826 -0.0138895 -0.0102318 -0.0086895 -0.0157753 -0.0138383 -0.0049451 -0.0000028 -0.0126321 -0.0050818 -0.0043682 -0.0059551 -0.0050190 -0.0179852 -0.0100007 -0.0082045 -0.0069553 0.0116904 0.0036200 0.9750226 -0.0101490 -0.0091104 -0.0090147 -0.0071556 0.0117819 0.0087835 0.0150226 0.0125215 -0.0036830 -0.0028873 -0.0092988 -0.0080084 -0.0353988 -0.0097769 -0.0068458 -0.0098434 -0.0050874 -0.0067167 -0.0093167 -0.0189071 -0.0185272 -0.0138723 -0.0179491 -0.0215779 -0.0277686 -0.0259941 -0.0256525 -0.0291680
-0.0129600 -0.0039566 -0.0104270 -0.0293799 -0.0299607 -0.0296423 -0.0271531 -0.0286368 -0.0310099 -0.0300391 -0.0153376 -0.0118425 -0.0057291 0.0064966 0.0074864 0.0044613 0.0015313 0.0043825 0.0042521 0.0101197 -0.0077005 -0.0043533 -0.0152511 -0.0044466 -0.0035982 -0.0083704 -0.0088483 -0.0047870 -0.0109153 -0.0066733 -0.0076376 -0.0130092 -0.0094307 -0.0101490 0.9720503 0.0094210 0.0065664 0.0102876 -0.0119672 -0.0101291 -0.0062138 -0.0047613 -0.0142963 -0.0096805 -0.0137003 -0.0142188 -0.0279907 -0.0118416 -0.0102718 -0.0109686 -0.0139827 -0.0148886 0.0092596 -0.0109931 -0.0167304 -0.0029779 -0.0156015 -0.0185758 -0.0212900 -0.0224601 -0.0225131 -0.0231325
-0.0158628 -0.0055878 -0.0127481 -0.0195929 -0.0185547 -0.0200574 -0.0190601 -0.0195918 -0.0208140 -0.0186742 -0.0170019 -0.0135889 -0.0037359 0.0046734 0.0102705 0.0038374 0.0083369 0.0114779 0.0036916 0.0087089 -0.0174155 -0.0124145 -0.0215248 -0.0113488 -0.0133703 -0.0124064 -0.0161805 -0.0027062 -0.0194932 -0.0172702 -0.0176991 -0.0127990 -0.0148954 -0.0091104 0.0094210 0.9693389 0.0097294 0.0099276 -0.0157413 -0.0145427 -0.0063054 -0.0136872 -0.0167934 -0.0213300 -0.0226480 -0.0237065 -0.0182909 -0.0176097 -0.0202724 -0.0191143 -0.0188140 -0.0201398 0.0065303 -0.0028431 -0.0019846 0.0026799 -0.0009914 -0.0069960 -0.0096451 -0.0040940 -0.0135320 -0.0146523
-0.0139503 -0.0076483 -0.0154610 -0.0156723 -0.0160687 -0.0180107 -0.0146677 -0.0164312 -0.0156725 -0.0181214 -0.0156280 -0.0157067 -0.0064903 0.0046834 0.0116830 0.0053575 0.0093588 0.0109580 0.0063700 0.0200943 -0.0206240 -0.0159417 -0.0234806 -0.0160608 -0.0164907 -0.0199129 -0.0213632 0.0001034 -0.0201545 -0.0200968 -0.0196231 -0.0159519 -0.0117450 -0.0090147 0.0065664 0.0097294 0.9748612 0.0101671 -0.0132472 -0.0097726 -0.0065047 -0.0101362 -0.0173729 -0.0225593 -0.0234328 -0.0241888 -0.0127261 -0.0229639 -0.0202115 -0.0218925 -0.0185195 -0.0216012 0.0084018 -0.0001206 -0.0028915 0.0041808 -0.0027486 -0.0039062 -0.0052885 -0.0084588 -0.0134040 -0.0114677
-0.0138543 -0.0056197 -0.0114347 -0.0217420 -0.0227383 -0.0229418 -0.0237137 -0.0240791 -0.0214679 -0.0252961 -0.0136220 -0.0134864 -0.0058234 0.0099702 0.0116097 0.0069652 0.0089457 0.0079910 0.0051064 0.0095611 -0.0203998 -0.0161443 -0.0218135 -0.0176603 -0.0168118 -0.0170502 -0.0242427 -0.0032589 -0.0195166 -0.0189222 -0.0193407 -0.0156369 -0.0087311 -0.0071556 0.0102876 0.0099276 0.0101671 0.9743564 -0.0078164 -0.0108739 -0.0085800 -0.0122468 -0.0181809 -0.0184111 -0.0218883 -0.0270172 -0.0218271 -0.0188231 -0.0198082 -0.0245754 -0.0197848 -0.0215250 0.0073235 -0.0042727 -0.0066771 0.0023774 -0.0063385 -0.0104042 -0.0127884 -0.0095400 -0.0127852 -0.0129019
0.0068618 0.0043301 0.0074243 -0.0474135 -0.0499028 -0.0489749 -0.0490412 -0.0476416 -0.0490112 -0.0491476 0.0101179 0.0096770 0.0016928 -0.0088411 -0.0077814 -0.0159000 -0.0145631 -0.0116084 -0.0147507 -0.0194694 0.0021174 0.0089496 -0.0003821 0.0073979 0.0043619 0.0015309 -0.0000616 -0.0203048 -0.0051504 0.0005322 0.0006599 0.0093204 0.0172643 0.0117819 -0.0119672 -0.0157413 -0.0132472 -0.0078164 0.9874598 0.0148543 0.0075915 0.0144147 0.0091703 0.0082133 -0.0016389 0.0021275 -0.0425265 -0.0015299 -0.0027994 -0.0006846 0.0070035 0.0057238 -0.0085263 -0.0244794 -0.0308612 -0.0192687 -0.0303231 -0.0302483 -0.0383666 -0.0394865 -0.0351103 -0.0386844
0.0057456 0.0023313 0.0106073 -0.0425526 -0.0415251 -0.0427790 -0.0423544 -0.0421076 -0.0439618 -0.0419463 0.0011392 0.0060624 0.0011518 -0.0038708 -0.0074419 -0.0173356 -0.0152660 -0.0084718 -0.0117892 -0.0139149 0.0010224 0.0082756 -0.0047356 0.0033285 0.0031329 0.0025521 -0.0026130 -0.0176612 -0.0043923 0.0001293 -0.0021574 0.0110663 0.0114002 0.0087835 -0.0101291 -0.0145427 -0.0097726 -0.0108739 0.0148543 0.9681526 0.0043181 0.0103579 0.0027253 0.0024065 -0.0071787 -0.0065745 -0.0396870 -0.0081562 -0.0052013 -0.0056103 0.0027422 0.0011931 -0.0063639 -0.0203160 -0.0245775 -0.0182283 -0.0253937 -0.0268824 -0.0328554 -0.0290323 -0.0268363 -0.0329535
0.0021696 -0.0009098 0.0068780 -0.0413399 -0.0452762 -0.0455037 -0.0417391 -0.0414273 -0.0420692 -0.0408134 0.0042671 0.0083508 0.0038568 -0.0064845 -0.0011417 -0.0159411 -0.0146128 -0.0054626 -0.0099127 -0.0111354 0.0014319 0.0030922 -0.0053324 0.0047192 0.0024148 -0.0020120 -0.0017883 -0.0135600 -0.0029318 -0.0020433 -0.0047255 0.0008252 0.0070215 0.0150226 -0.0062138 -0.0063054 -0.0065047 -0.0085800 0.0075915 0.0043181 0.9730675 0.0083025 0.0005351 -0.0006806 -0.0055499 -0.0036774 -0.0421440 -0.0045165 -0.0049658 -0.0027491 -0.0020056 -0.0047448 -0.0051806 -0.0213950 -0.0239192 -0.0165056 -0.0229820 -0.0258169 -0.0342105 -0.0338179 -0.0344504 -0.0376952
0.0014249 -0.0004731 0.0111463 -0.0524041 -0.0516698 -0.0515168 -0.0496494 -0.0490681 -0.0517182 -0.0490350 0.0049209 0.0105832 -0.0007300 -0.0016322 -0.0063896 -0.0159492 -0.0189128 -0.0073707 -0.0129872 -0.0183897 0.0070645 0.0107770 0.0024124 0.0069894 0.0080092 0.0042689 0.0019412 -0.0196554 0.0035217 0.0077164 0.0037358 0.0053222 0.0088329 0.0125215 -0.0047613 -0.0136872 -0.0101362 -0.0122468 0.0144147 0.0103579 0.0083025 0.9729831 0.0080706 0.0076668 0.0008965 -0.0025623 -0.0508700 0.0042904 -0.0007946 0.0036626 0.0031035 0.0066428 -0.0072093 -0.0257176 -0.0316407 -0.0205744 -0.0300856 -0.0329783 -0.0411052 -0.0392306 -0.0357038 -0.0433712
-0.0000587 0.0008605 0.0074083 -0.0862137 -0.0881764 -0.0872858 -0.0883359 -0.0855029 -0.0861162 -0.0838729 -0.0014308 0.0054772 -0.0048571 -0.0199866 -0.0142819 -0.0242846 -0.0212067 -0.0136857 -0.0187091 -0.0292147 0.0438959 0.0462775 0.0341148 0.0460294 0.0400484 0.0354907 0.0369532 -0.0330501 0.0385753 0.0416356 0.0432343 -0.0022161 0.0053952 -0.0036830 -0.0142963 -0.0167934 -0.0173729 -0.0181809 0.0091703 0.0027253 0.0005351 0.0080706 1.0073652 0.0480019 0.0370780 0.0365374 -0.0833873 0.0388109 0.0382483 0.0348255 0.0508429 0.0454827 -0.0149316 -0.0560305 -0.0648464 -0.0354339 -0.0613626 -0.0682553 -0.0744733 -0.0753327 -0.0692271 -0.0762259
-0.0002789 -0.0044329 0.0048800 -0.0880353 -0.0879857 -0.0869918 -0.0901325 -0.0861470 -0.0847482 -0.0839859 -0.0027949 -0.0010075 -0.0052624 -0.0165564 -0.0147089 -0.0213597 -0.0267779 -0.0154766 -0.0175627 -0.0293167 0.0448736 0.0465313 0.0387611 0.0476188 0.0392197 0.0389472 0.0353101 -0.0347573 0.0427172 0.0447378 0.0431937 -0.0008996 -0.0000439 -0.0028873 -0.0096805 -0.0213300 -0.0225593 -0.0184111 0.0082133 0.0024065 -0.0006806 0.0076668 0.0480019 1.0136392 0.0401106 0.0378412 -0.0852289 0.0373277 0.0368237 0.0365925 0.0517205 0.0465480 -0.0128687 -0.0582391 -0.0668233 -0.0384074 -0.0590025 -0.0687876 -0.0751889 -0.0726472 -0.0699841 -0.0759544
-0.0110427 -0.0080157 -0.0005365 -0.0886148 -0.0858985 -0.0845142 -0.0881023 -0.0845748 -0.0838726 -0.0831185 -0.0120359 -0.0045075 -0.0101499 -0.0169998 -0.0172946 -0.0258408 -0.0276718 -0.0168515 -0.0236770 -0.0291265 0.0596804 0.0379267 0.0553091 0.0422059 0.0508275 0.0562935 0.0537807 -0.0316400 0.0600314 0.0604869 0.0635808 -0.0060021 -0.0067064 -0.0092988 -0.0137003 -0.0226480 -0.0234328 -0.0218883 -0.0016389 -0.0071787 -0.0055499 0.0008965 0.0370780 0.0401106 1.0108916 0.0573805 -0.0857987 0.0553158 0.0617014 0.0543263 0.0427806 0.0401283 -0.0189133 -0.0591918 -0.0707782 -0.0376272 -0.0675332 -0.0747814 -0.0776005 -0.0747918 -0.0766357 -0.0803365
-0.0039919 -0.0073991 -0.0043184 -0.0914529 -0.0870035 -0.0891839 -0.0893419 -0.0861618 -0.0873078 -0.0854804 -0.0028384 -0.0012880 -0.0093016 -0.0206971 -0.0205933 -0.0218391 -0.0216026 -0.0216812 -0.0184963 -0.0307940 0.0524811 0.0348989 0.0531766 0.0366366 0.0468372 0.0482682 0.0526762 -0.0315820 0.0471699 0.0532123 0.0566249 -0.0088758 -0.0050559 -0.0080084 -0.0142188 -0.0237065 -0.0241888 -0.0270172 0.0021275 -0.0065745 -0.0036774 -0.0025623 0.0365374 0.0378412 0.0573805 1.0360048 -0.0788901 0.0545396 0.0508386 0.0585888 0.0407070 0.0373385 -0.0167265 -0.0595621 -0.0723607 -0.0366200 -0.0634513 -0.0726543 -0.0763147 -0.0789566 -0.0720349 -0.0776092
-0.0289914 -0.0485726 -0.0589036 0.1524422 0.1447213 0.1463436 0.1502709 0.1487643 0.1451993 0.1442963 -0.0272258 -0.0407486 -0.0347939 -0.0228267 -0.0234515 -0.0072627 -0.0084269 -0.0272690 -0.0212510 -0.0129495 -0.0952692 -0.0888400 -0.1006123 -0.0904477 -0.0905288 -0.0888114 -0.0878241 0.0198459 -0.0963614 -0.0948406 -0.0906390 -0.0365167 -0.0431818 -0.0353988 -0.0279907 -0.0182909 -0.0127261 -0.0218271 -0.0425265 -0.0396870 -0.0421440 -0.0508700 -0.0833873 -0.0852289 -0.0857987 -0.0788901 1.1068256 -0.0870899 -0.0919093 -0.0893762 -0.0864868 -0.0796089 -0.0173208 0.0593043 0.0768448 0.0143142 0.0555522 0.0773940 0.0976226 0.0791213 0.0860023 0.0931005
-0.0095165 -0.0070410 0.0052696 -0.0880156 -0.0870581 -0.0896070 -0.0885604 -0.0853883 -0.0877091 -0.0870398 -0.0133006 -0.0053843 -0.0080300 -0.0145334 -0.0158936 -0.0264458 -0.0328947 -0.0141046 -0.0232300 -0.0316611 0.0580163 0.0411569 0.0560949 0.0452295 0.0527465 0.0540586 0.0535103 -0.0287959 0.0619700 0.0589275 0.0584770 -0.0059507 -0.0026702 -0.0097769 -0.0118416 -0.0176097 -0.0229639 -0.0188231 -0.0015299 -0.0081562 -0.0045165 0.0042904 0.0388109 0.0373277 0.0553158 0.0545396 -0.0870899 0.9988813 0.0602430 0.0614692 0.0387433 0.0383600 -0.0167827 -0.0567530 -0.0700900 -0.0402870 -0.0658315 -0.0743884 -0.0797820 -0.0754672 -0.0767123 -0.0819714
-0.0151364 -0.0048726 0.0027336 -0.0914966 -0.0871340 -0.0878357 -0.0888856 -0.0875134 -0.0859953 -0.0868302 -0.0161523 -0.0068932 -0.0082166 -0.0160062 -0.0117878 -0.0313639 -0.0360545 -0.0114657 -0.0233143 -0.0313108 0.0614660 0.0405758 0.0619285 0.0435166 0.0539707 0.0590112 0.0551440 -0.0286868 0.0604548 0.0580075 0.0692660 -0.0084080 -0.0079165 -0.0068458 -0.0102718 -0.0202724 -0.0202115 -0.0198082 -0.0027994 -0.0052013 -0.0049658 -0.0007946 0.0382483 0.0368237 0.0617014 0.0508386 -0.0919093 0.0602430 1.0017045 0.0662298 0.0424073 0.0391416 -0.0169977 -0.0579263 -0.0726262 -0.0401534 -0.0693059 -0.0770501 -0.0836613 -0.0756014 -0.0769389 -0.0828551
-0.0127147 -0.0056064 0.0057688 -0.0910144 -0.0868899 -0.0876908 -0.0884959 -0.0864915 -0.0866648 -0.0853633 -0.0123651 -0.0061378 -0.0090687 -0.0136429 -0.0128680 -0.0304900 -0.0348008 -0.0144654 -0.0211588 -0.0326030 0.0657336 0.0442576 0.0618139 0.0474410 0.0606828 0.0586932 0.0564480 -0.0284758 0.0585378 0.0613339 0.0626588 -0.0052239 -0.0075968 -0.0098434 -0.0109686 -0.0191143 -0.0218925 -0.0245754 -0.0006846 -0.0056103 -0.0027491 0.0036626 0.0348255 0.0365925 0.0543263 0.0585888 -0.0893762 0.0614692 0.0662298 0.9983796 0.0372443 0.0414287 -0.0176180 -0.0591386 -0.0715885 -0.0409349 -0.0664158 -0.0765678 -0.0798940 -0.0766587 -0.0780829 -0.0849228
-0.0039061 -0.0030336 0.0048126 -0.0879200 -0.0874451 -0.0891171 -0.0876983 -0.0856466 -0.0847424 -0.0863788 -0.0033512 0.0003328 -0.0016011 -0.0182077 -0.0149356 -0.0230859 -0.0230221 -0.0157699 -0.0159014 -0.0245708 0.0487762 0.0461690 0.0412819 0.0484056 0.0416676 0.0404673 0.0355156 -0.0334063 0.0390912 0.0401000 0.0416851 -0.0058703 -0.0040173 -0.0050874 -0.0139827 -0.0188140 -0.0185195 -0.0197848 0.0070035 0.0027422 -0.0020056 0.0031035 0.0508429 0.0517205 0.0427806 0.0407070 -0.0864868 0.0387433 0.0424073 0.0372443 1.0083086 0.0471937 -0.0128670 -0.0565194 -0.0679572 -0.0351542 -0.0634600 -0.0700910 -0.0766603 -0.0712429 -0.0699189 -0.0783249
-0.0024838 -0.0044773 0.0037624 -0.0849318 -0.0827999 -0.0837906 -0.0854106 -0.0830890 -0.0798224 -0.0792661 -0.0025899 -0.0000625 -0.0067329 -0.0151958 -0.0175742 -0.0232066 -0.0255031 -0.0155371 -0.0176205 -0.0289943 0.0425929 0.0449698 0.0393274 0.0450681 0.0393262 0.0348992 0.0347973 -0.0326099 0.0384159 0.0424948 0.0387296 0.0000970 -0.0005900 -0.0067167 -0.0148886 -0.0201398 -0.0216012 -0.0215250 0.0057238 0.0011931 -0.0047448 0.0066428 0.0454827 0.0465480 0.0401283 0.0373385 -0.0796089 0.0383600 0.0391416 0.0414287 0.0471937 1.0087110 -0.0134542 -0.0560395 -0.0670004 -0.0358535 -0.0588086 -0.0665532 -0.0736841 -0.0723541 -0.0698539 -0.0768312
-0.0087377 -0.0066601 -0.0132322 -0.0204130 -0.0193476 -0.0212595 -0.0178967 -0.0199853 -0.0198966 -0.0208139 -0.0095184 -0.0089686 -0.0043097 0.0074704 0.0091223 0.0042243 0.0092808 0.0019282 0.0072672 0.0079136 -0.0162362 -0.0095881 -0.0202875 -0.0132666 -0.0107982 -0.0153970 -0.0166476 -0.0005828 -0.0163197 -0.0117267 -0.0153780 -0.0102767 -0.0097871 -0.0093167 0.0092596 0.0065303 0.0084018 0.0073235 -0.0085263 -0.0063639 -0.0051806 -0.0072093 -0.0149316 -0.0128687 -0.0189133 -0.0167265 -0.0173208 -0.0167827 -0.0169977 -0.0176180 -0.0128670 -0.0134542 0.9745244 -0.0018719 -0.0071870 0.0038287 -0.0063008 -0.0107900 -0.0104491 -0.0149836 -0.0124220 -0.0134995
-0.0150453 -0.0280259 -0.0290815 0.0582081 0.0587876 0.0583759 0.0608021 0.0562637 0.0559402 0.0560750 -0.0198071 -0.0227998 -0.0197763 -0.0062461 -0.0040862 -0.0023441 -0.0043494 -0.0047085 -0.0090969 0.0006032 -0.0610795 -0.0517603 -0.0682632 -0.0559411 -0.0550663 -0.0556800 -0.0577261 0.0111456 -0.0632704 -0.0572126 -0.0584039 -0.0241250 -0.0203105 -0.0189071 -0.0109931 -0.0028431 -0.0001206 -0.0042727 -0.0244794 -0.0203160 -0.0213950 -0.0257176 -0.0560305 -0.0582391 -0.0591918 -0.0595621 0.0593043 -0.0567530 -0.0579263 -0.0591386 -0.0565194 -0.0560395 -0.0018719 1.0050225 0.0759825 0.0263127 0.0608119 0.0803489 0.0562039 0.0540682 0.0517167 0.0584711
-0.0194950 -0.0309327 -0.0347924 0.0753824 0.0752520 0.0753862 0.0756702 0.0727191 0.0727287 0.0712535 -0.0167874 -0.0271668 -0.0227250 -0.0134901 -0.0064697 -0.0005789 -0.0056676 -0.0077482 -0.0115566 0.0007668 -0.0731802 -0.0635243 -0.0812522 -0.0647614 -0.0690158 -0.0669281 -0.0668165 0.0131707 -0.0734804 -0.0689937 -0.0728333 -0.0243957 -0.0281488 -0.0185272 -0.0167304 -0.0019846 -0.0028915 -0.0066771 -0.0308612 -0.0245775 -0.0239192 -0.0316407 -0.0648464 -0.0668233 -0.0707782 -0.0723607 0.0768448 -0.0700900 -0.0726262 -0.0715885 -0.0679572 -0.0670004 -0.0071870 0.0759825 1.0326896 0.0295236 0.0778798 0.0996282 0.0752058 0.0701087 0.0656161 0.0770559
-0.0120550 -0.0142884 -0.0255333 0.0100575 0.0100968 0.0106310 0.0104288 0.0129530 0.0112151 0.0069302 -0.0127254 -0.0188182 -0.0120027 -0.0003993 0.0017288 0.0078236 0.0055498 -0.0004850 -0.0021294 0.0031858 -0.0375505 -0.0327432 -0.0454370 -0.0364601 -0.0348389 -0.0351825 -0.0354003 0.0052045 -0.0393498 -0.0365654 -0.0391165 -0.0189993 -0.0195790 -0.0138723 -0.0029779 0.0026799 0.0041808 0.0023774 -0.0192687 -0.0182283 -0.0165056 -0.0205744 -0.0354339 -0.0384074 -0.0376272 -0.0366200 0.0143142 -0.0402870 -0.0401534 -0.0409349 -0.0351542 -0.0358535 0.0038287 0.0263127 0.0295236 0.9927006 0.0289699 0.0329867 0.0184205 0.0149394 0.0139112 0.0197341
-0.0189291 -0.0271067 -0.0360655 0.0477529 0.0460589 0.0470387 0.0495731 0.0468927 0.0488263 0.0467556 -0.0214748 -0.0251294 -0.0216214 -0.0146827 -0.0070943 0.0022672 0.0024647 -0.0091463 -0.0046642 0.0039576 -0.0704648 -0.0605155 -0.0717690 -0.0655957 -0.0648371 -0.0632389 -0.0643804 0.0075354 -0.0689399 -0.0694386 -0.0699028 -0.0248029 -0.0286918 -0.0179491 -0.0156015 -0.0009914 -0.0027486 -0.0063385 -0.0303231 -0.0253937 -0.0229820 -0.0300856 -0.0613626 -0.0590025 -0.0675332 -0.0634513 0.0555522 -0.0658315 -0.0693059 -0.0664158 -0.0634600 -0.0588086 -0.0063008 0.0608119 0.0778798 0.0289699 1.0375611 0.0837621 0.0558654 0.0509214 0.0482679 0.0569019
-0.0184172 -0.0359940 -0.0429712 0.0734887 0.0737367 0.0695445 0.0745590 0.0701828 0.0703302 0.0701513 -0.0169388 -0.0267497 -0.0209496 -0.0136048 -0.0133916 -0.0037722 -0.0056002 -0.0109017 -0.0108899 -0.0000020 -0.0796172 -0.0712874 -0.0864623 -0.0731306 -0.0735665 -0.0735844 -0.0718174 0.0092955 -0.0782525 -0.0766124 -0.0786049 -0.0253219 -0.0249237 -0.0215779 -0.0185758 -0.0069960 -0.0039062 -0.0104042 -0.0302483 -0.0268824 -0.0258169 -0.0329783 -0.0682553 -0.0687876 -0.0747814 -0.0726543 0.0773940 -0.0743884 -0.0770501 -0.0765678 -0.0700910 -0.0665532 -0.0107900 0.0803489 0.0996282 0.0329867 0.0837621 1.0536991 0.0755419 0.0665499 0.0667716 0.0774098
-0.0264709 -0.0409791 -0.0520044 0.0951495 0.0922517 0.0930902 0.0932607 0.0907621 0.0910207 0.0892733 -0.0239458 -0.0356844 -0.0311124 -0.0186452 -0.0152244 -0.0010142 -0.0072255 -0.0158492 -0.0180033 -0.0051884 -0.0841317 -0.0754672 -0.0908660 -0.0798110 -0.0759932 -0.0767440 -0.0785760 0.0175255 -0.0842699 -0.0804292 -0.0815377 -0.0330858 -0.0376509 -0.0277686 -0.0212900 -0.0096451 -0.0052885 -0.0127884 -0.0383666 -0.0328554 -0.0342105 -0.0411052 -0.0744733 -0.0751889 -0.0776005 -0.0763147 0.0976226 -0.0797820 -0.0836613 -0.0798940 -0.0766603 -0.0736841 -0.0104491 0.0562039 0.0752058 0.0184205 0.0558654 0.0755419 1.0630405 0.1087660 0.1145232 0.1231504
-0.0296160 -0.0363308 -0.0427587 0.0786768 0.0791642 0.0785253 0.0805217 0.0716070 0.0767721 0.0733348 -0.0304501 -0.0346570 -0.0277358 -0.0157863 -0.0130329 -0.0065909 -0.0134190 -0.0121128 -0.0188947 -0.0048718 -0.0801200 -0.0692338 -0.0796504 -0.0722229 -0.0727498 -0.0677110 -0.0733025 0.0141665 -0.0746682 -0.0740174 -0.0782378 -0.0321271 -0.0360968 -0.0259941 -0.0224601 -0.0040940 -0.0084588 -0.0095400 -0.0394865 -0.0290323 -0.0338179 -0.0392306 -0.0753327 -0.0726472 -0.0747918 -0.0789566 0.0791213 -0.0754672 -0.0756014 -0.0766587 -0.0712429 -0.0723541 -0.0149836 0.0540682 0.0701087 0.0149394 0.0509214 0.0665499 0.1087660 1.0432097 0.1107851 0.1269072
