1.1398137 -0.3430523 -0.3477883 -0.3466509 -0.3452028 -0.2329555 -0.3476792 -0.1804176 -0.3435723 -0.3424075 -0.3420619 -0.3395742 -0.3442079 -0.3447573 -0.3445154 -0.3510628 -0.3528875 -0.3537398 -0.2274312 -0.3395719 0.7837933 -0.3507235 0.7686196 -0.1781410 0.7678089 0.7790382 0.7650918 0.7821050 0.7876223 -0.2272615 -0.3494798 -0.3473524 0.7678344 0.7635077 0.7728197 -0.3277964 -0.3366352 -0.3532686 -0.3530000 -0.2344940 -0.2335067 -0.2339595 -0.2349895 -0.2338100 -0.2331808 -0.3537465 0.7780328 0.7840961 0.7891188 0.7846802 0.7819184 -0.3463614 -0.3494600 -0.3490683 -0.2868648 -0.2853120 -0.3484804 -0.2920714 -0.3553015 -0.3531903 -0.3500411 -0.2943300 -0.2923260 -0.2921420 -0.3451650 -0.3488638 -0.3490531 -0.3470747 -0.3504349 -0.3475365 -0.3483105 -0.2264607 -0.2804233 -0.2867225 -0.3538925 -0.3551614 -0.3551779 -0.3516032 0.7675931 0.7710555 0.7722504 0.7685583 -0.3539080 -0.3523746 -0.3465631 0.7649598 -0.3402912 -0.3437155 0.7658067 0.7641942 0.7620404 -0.3463564 -0.3461976 -0.3456779 -0.3451424 0.7644662 -0.3434766 -0.3527093 0.7647191 -0.1813297 0.7637718 0.7573184 0.7602053 -0.2902778 -0.2904579 -0.2932826 -0.3389518 -0.3433040 -0.3457042 -0.1794617 -0.3450451 -0.3373862 -0.3379589 -0.3472899 -0.3439532 0.7830987 0.7654812 0.7654812 0.7680197 0.7667891 0.7798783
-0.3430523 0.8996975 0.3144627 0.3144372 0.3184142 -0.2683907 0.2890441 0.0878619 0.2807611 0.2787156 0.2788082 0.2765785 0.2805950 0.2832820 0.2804891 0.2731237 0.2724685 0.2710716 -0.2634463 0.2756958 -0.3434421 0.2771612 -0.3460975 0.0883828 -0.3455823 -0.3427962 -0.3452341 -0.3449720 -0.3452512 -0.2632616 0.2711041 0.2693477 -0.3458017 -0.3431495 -0.3441544 0.2553114 0.2646371 0.2723269 0.2729140 -0.2706858 -0.2703210 -0.2709859 -0.2704496 -0.2704360 -0.2694731 0.2736424 -0.3416876 -0.3442508 -0.3449667 -0.3442115 -0.3430003 0.2777153 0.2784199 0.2705291 -0.3018625 -0.3006465 0.2701107 -0.3066126 0.2767324 0.2745681 0.2760847 -0.3065138 -0.3043818 -0.3061656 0.2730233 0.2773640 0.2694662 0.2712893 0.2752317 0.2722474 0.2688234 -0.2626054 -0.2978098 -0.3035025 0.2787226 0.2811070 0.2811596 0.2838537 -0.3452942 -0.3455214 -0.3462999 -0.3465290 0.2819361 0.2782643 0.2685484 -0.3417732 0.2735594 0.2728562 -0.3432190 -0.3435937 -0.3417076 0.2778840 0.2712886 0.2746271 0.2741585 -0.3444852 0.2734282 0.2684823 -0.3440323 0.0882025 -0.3438644 -0.3389500 -0.3412746 -0.3072461 -0.3065093 -0.3069271 0.2718164 0.2689021 0.2636276 0.0864119 0.2719274 0.2761627 0.2794169 0.2808854 0.2862065 -0.3435054 -0.3426747 -0.3436345 -0.3453618 -0.3445297 -0.3411825
-0.3477883 0.3144627 0.9043834 0.3286205 0.3315446 -0.2714466 0.2952553 0.0874546 0.2818927 0.2846715 0.2844937 0.2826042 0.2794806 0.2901073 0.2817027 0.2816769 0.2750387 0.2767097 -0.2669194 0.2791040 -0.3472422 0.2801902 -0.3508133 0.0839871 -0.3503848 -0.3485742 -0.3494003 -0.3491442 -0.3494129 -0.2681452 0.2706234 0.2691437 -0.3506702 -0.3487920 -0.3495963 0.2558520 0.2663757 0.2728100 0.2742105 -0.2749014 -0.2748304 -0.2741818 -0.2740912 -0.2735805 -0.2740147 0.2829898 -0.3469394 -0.3476306 -0.3493040 -0.3487829 -0.3480148 0.2785674 0.2868413 0.2729789 -0.3071390 -0.3070963 0.2686684 -0.3123802 0.2851147 0.2768856 0.2835819 -0.3116297 -0.3104379 -0.3112122 0.2769770 0.2829177 0.2761812 0.2778166 0.2791182 0.2807463 0.2731771 -0.2680840 -0.3039794 -0.3091972 0.2792350 0.2843119 0.2863689 0.2838947 -0.3494008 -0.3504071 -0.3508670 -0.3506328 0.2871428 0.2844833 0.2715601 -0.3472607 0.2676943 0.2756266 -0.3480075 -0.3489079 -0.3468324 0.2847493 0.2713534 0.2744820 0.2759435 -0.3485509 0.2800828 0.2771189 -0.3476144 0.0849268 -0.3488738 -0.3444426 -0.3459546 -0.3125581 -0.3110219 -0.3114748 0.2780192 0.2734086 0.2710536 0.0847595 0.2765084 0.2788916 0.2875668 0.2836276 0.2889391 -0.3491937 -0.3470099 -0.3480721 -0.3494434 -0.3492658 -0.3462228
-0.3466509 0.3144372 0.3286205 0.8995357 0.3260259 -0.2741958 0.2921687 0.0867479 0.2815345 0.2812229 0.2840765 0.2844723 0.2854560 0.2887332 0.2812352 0.2822059 0.2783891 0.2782567 -0.2698156 0.2858942 -0.3466067 0.2796308 -0.3510841 0.0817862 -0.3500633 -0.3476586 -0.3503228 -0.3492443 -0.3486179 -0.2700832 0.2750277 0.2709598 -0.3500947 -0.3494456 -0.3496180 0.2567354 0.2660761 0.2755445 0.2778655 -0.2759474 -0.2766551 -0.2772358 -0.2768278 -0.2774957 -0.2758228 0.2855449 -0.3469484 -0.3471119 -0.3493686 -0.3471385 -0.3477964 0.2770122 0.2780049 0.2701809 -0.3089367 -0.3076565 0.2758681 -0.3133915 0.2897035 0.2833820 0.2826932 -0.3125426 -0.3109404 -0.3116092 0.2762218 0.2803725 0.2791951 0.2845460 0.2795791 0.2831654 0.2732740 -0.2700363 -0.3059914 -0.3100503 0.2834260 0.2891714 0.2903061 0.2800155 -0.3499943 -0.3502315 -0.3504602 -0.3502373 0.2803430 0.2869761 0.2762961 -0.3482009 0.2737990 0.2724264 -0.3480180 -0.3488523 -0.3465632 0.2810741 0.2719314 0.2793511 0.2781062 -0.3484231 0.2762752 0.2722723 -0.3478328 0.0866679 -0.3483730 -0.3438703 -0.3455491 -0.3122877 -0.3123256 -0.3131545 0.2756982 0.2721605 0.2712802 0.0828757 0.2775438 0.2805032 0.2811951 0.2838100 0.2899786 -0.3486597 -0.3477414 -0.3477331 -0.3487406 -0.3498100 -0.3464359
-0.3452028 0.3184142 0.3315446 0.3260259 0.8936357 -0.2718984 0.2925856 0.0856264 0.2811259 0.2826804 0.2817416 0.2769364 0.2844932 0.2882632 0.2798016 0.2788325 0.2726919 0.2716239 -0.2664064 0.2813957 -0.3451366 0.2738366 -0.3486663 0.0832347 -0.3486209 -0.3454144 -0.3479947 -0.3471181 -0.3479018 -0.2678353 0.2721337 0.2750374 -0.3484875 -0.3473125 -0.3475848 0.2585380 0.2646435 0.2735088 0.2754779 -0.2745985 -0.2733699 -0.2742639 -0.2749054 -0.2734318 -0.2741826 0.2785341 -0.3446512 -0.3454581 -0.3474725 -0.3472635 -0.3459550 0.2784673 0.2791735 0.2725016 -0.3072113 -0.3059688 0.2705762 -0.3110364 0.2821250 0.2782235 0.2792869 -0.3107491 -0.3094806 -0.3105542 0.2761424 0.2796414 0.2781216 0.2810158 0.2792253 0.2788014 0.2727859 -0.2675672 -0.3026582 -0.3086436 0.2788266 0.2856495 0.2846048 0.2834063 -0.3473714 -0.3484383 -0.3487072 -0.3482791 0.2831923 0.2814372 0.2719579 -0.3454938 0.2650452 0.2719865 -0.3462960 -0.3469725 -0.3449253 0.2796380 0.2692620 0.2779536 0.2742481 -0.3473179 0.2796324 0.2728969 -0.3463376 0.0856433 -0.3470259 -0.3429776 -0.3437242 -0.3116733 -0.3097548 -0.3114475 0.2745173 0.2677478 0.2662549 0.0837169 0.2773194 0.2782973 0.2839387 0.2822159 0.2908314 -0.3468061 -0.3457820 -0.3457462 -0.3486107 -0.3479417 -0.3438301
-0.2329555 -0.2683907 -0.2714466 -0.2741958 -0.2718984 2.7105184 -0.2747888 -0.0909493 -0.2630474 -0.2675386 -0.2688146 -0.2654105 -0.2696407 -0.2691908 -0.2674788 -0.2786189 -0.2780198 -0.2776896 2.3701344 -0.2663315 -0.2343040 -0.2795789 -0.2374521 -0.0888352 -0.2362079 -0.2338301 -0.2363709 -0.2345934 -0.2349020 2.3736446 -0.2763656 -0.2732283 -0.2369797 -0.2326809 -0.2355921 -0.2714279 -0.2735001 -0.2768406 -0.2791373 2.4828420 2.4757464 2.4778042 2.4806254 2.4746549 2.4746995 -0.2763242 -0.2327975 -0.2340174 -0.2350274 -0.2352455 -0.2358946 -0.2738054 -0.2732782 -0.2754285 0.1963896 0.3242542 -0.2722501 0.0134113 -0.2770888 -0.2764257 -0.2696598 0.0139502 0.0149475 0.0133549 -0.2724167 -0.2764342 -0.2746134 -0.2751233 -0.2768417 -0.2761893 -0.2755074 2.3745944 0.5632111 0.0689837 -0.2772216 -0.2800546 -0.2797636 -0.2763911 -0.2361477 -0.2379182 -0.2367055 -0.2363941 -0.2776310 -0.2773908 -0.2735123 -0.2323863 -0.2687704 -0.2727100 -0.2347378 -0.2339585 -0.2325891 -0.2755526 -0.2729388 -0.2726879 -0.2728530 -0.2339889 -0.2718661 -0.2770532 -0.2352903 -0.0922254 -0.2340166 -0.2301940 -0.2327325 0.0163423 0.0194154 0.0119697 -0.2650746 -0.2717793 -0.2722512 -0.0886702 -0.2712213 -0.2656769 -0.2670918 -0.2757321 -0.2713573 -0.2335362 -0.2333775 -0.2341476 -0.2359749 -0.2358228 -0.2326678
-0.3476792 0.2890441 0.2952553 0.2921687 0.2925856 -0.2747888 0.8993763 0.0856710 0.2761117 0.2746086 0.2764570 0.2740470 0.2780546 0.2804920 0.2777666 0.2847970 0.2740559 0.2769571 -0.2696010 0.2789447 -0.3476755 0.2850087 -0.3511040 0.0851752 -0.3500497 -0.3479841 -0.3500828 -0.3492416 -0.3490749 -0.2697762 0.2721166 0.2680525 -0.3501433 -0.3483067 -0.3506776 0.2567378 0.2653432 0.2789324 0.2758220 -0.2772524 -0.2765133 -0.2772444 -0.2760279 -0.2773846 -0.2756148 0.2868829 -0.3473416 -0.3473918 -0.3498225 -0.3484484 -0.3478826 0.2860309 0.2890557 0.2695275 -0.3082412 -0.3069159 0.2726385 -0.3121908 0.2868295 0.2861815 0.2867739 -0.3121633 -0.3106608 -0.3111068 0.2810349 0.2845839 0.2839719 0.2822538 0.2844337 0.2819513 0.2684843 -0.2709945 -0.3046715 -0.3097198 0.2852975 0.2918042 0.2933784 0.2909299 -0.3496670 -0.3508622 -0.3504883 -0.3504331 0.2977354 0.2927221 0.2732494 -0.3482116 0.2699046 0.2722562 -0.3481753 -0.3480973 -0.3462775 0.2884139 0.2668490 0.2810762 0.2753296 -0.3485472 0.2837675 0.2726919 -0.3488173 0.0858655 -0.3484900 -0.3447483 -0.3459048 -0.3121769 -0.3116523 -0.3124129 0.2759632 0.2677687 0.2676883 0.0838308 0.2819660 0.2938380 0.3030595 0.2992469 0.3133561 -0.3480776 -0.3464870 -0.3478699 -0.3489251 -0.3496216 -0.3464784
-0.1804176 0.0878619 0.0874546 0.0867479 0.0856264 -0.0909493 0.0856710 0.9718196 0.0895102 0.0896126 0.0954664 0.0926086 0.0886717 0.0906984 0.0906268 0.0822274 0.0819640 0.0801791 -0.0857975 0.0934542 -0.1804603 0.0826651 -0.1842312 0.6459213 -0.1842916 -0.1806449 -0.1827891 -0.1814103 -0.1814458 -0.0857860 0.0852533 0.0865546 -0.1850462 -0.1819045 -0.1843624 0.0789135 0.0828187 0.0814166 0.0824969 -0.0921617 -0.0914348 -0.0924160 -0.0918178 -0.0916769 -0.0912854 0.0838276 -0.1805241 -0.1814851 -0.1829527 -0.1812201 -0.1814919 0.0834936 0.0812612 0.0838164 -0.1217246 -0.1233185 0.0849781 -0.1262436 0.0803890 0.0774561 0.0789994 -0.1251533 -0.1243349 -0.1254435 0.0844560 0.0780415 0.0808082 0.0815980 0.0791038 0.0825804 0.0849465 -0.0865537 -0.1196362 -0.1243196 0.0809208 0.0811524 0.0803003 0.0826297 -0.1828956 -0.1831721 -0.1839193 -0.1833772 0.0807489 0.0856413 0.0792232 -0.1823092 0.0862692 0.0840782 -0.1816137 -0.1824873 -0.1816358 0.0821982 0.0844109 0.0859782 0.0786637 -0.1824543 0.0846809 0.0834370 -0.1806027 0.6533242 -0.1810939 -0.1787613 -0.1798776 -0.1251501 -0.1265131 -0.1254376 0.0966085 0.0836003 0.0817868 0.6510710 0.0836091 0.0869625 0.0855567 0.0843368 0.0863084 -0.1825161 -0.1820200 -0.1810252 -0.1831460 -0.1831143 -0.1794280
-0.3435723 0.2807611 0.2818927 0.2815345 0.2811259 -0.2630474 0.2761117 0.0895102 0.8965560 0.3166229 0.3203870 0.3173081 0.3212513 0.3159860 0.3177048 0.2727993 0.2705023 0.2739801 -0.2582236 0.3081995 -0.3437842 0.2739372 -0.3473873 0.0884175 -0.3464969 -0.3440142 -0.3465528 -0.3454507 -0.3460446 -0.2596080 0.2688477 0.2699432 -0.3461190 -0.3449813 -0.3461394 0.2605646 0.2625544 0.2694541 0.2742355 -0.2660488 -0.2647638 -0.2653970 -0.2651559 -0.2648906 -0.2650827 0.2697236 -0.3431054 -0.3444988 -0.3456470 -0.3450997 -0.3436813 0.2643080 0.2695071 0.2657932 -0.3009336 -0.3005267 0.2685996 -0.3057125 0.2773654 0.2754090 0.2687525 -0.3056790 -0.3040012 -0.3064210 0.2703378 0.2668810 0.2707641 0.2675422 0.2695203 0.2689332 0.2699694 -0.2599060 -0.2975661 -0.3029673 0.2728430 0.2715865 0.2691796 0.2704436 -0.3465993 -0.3476288 -0.3465925 -0.3482950 0.2725419 0.2699268 0.2708663 -0.3432162 0.2642837 0.2657177 -0.3441547 -0.3438927 -0.3424526 0.2715387 0.2680101 0.2748290 0.2691743 -0.3449003 0.2690934 0.2737634 -0.3445740 0.0903070 -0.3452690 -0.3412412 -0.3414031 -0.3064632 -0.3053789 -0.3056738 0.2681211 0.2683513 0.2664497 0.0890056 0.2668275 0.2689094 0.2706312 0.2690657 0.2762303 -0.3441563 -0.3426984 -0.3434821 -0.3456707 -0.3455290 -0.3428708
-0.3424075 0.2787156 0.2846715 0.2812229 0.2826804 -0.2675386 0.2746086 0.0896126 0.3166229 0.8924686 0.3168923 0.3111935 0.3157934 0.3161935 0.3141820 0.2731814 0.2717668 0.2756254 -0.2619947 0.2966492 -0.3428364 0.2711775 -0.3453119 0.0898084 -0.3451754 -0.3421879 -0.3443244 -0.3436220 -0.3437741 -0.2638188 0.2731192 0.2707479 -0.3439651 -0.3427341 -0.3445745 0.2597091 0.2650843 0.2755486 0.2709852 -0.2697442 -0.2695583 -0.2693504 -0.2689322 -0.2695015 -0.2696874 0.2698300 -0.3419513 -0.3422923 -0.3443676 -0.3432363 -0.3429049 0.2667517 0.2726702 0.2709937 -0.3016186 -0.3010283 0.2712629 -0.3060594 0.2725074 0.2706264 0.2669917 -0.3051619 -0.3044372 -0.3052180 0.2681144 0.2692599 0.2706441 0.2708308 0.2708951 0.2697988 0.2714902 -0.2642464 -0.2985470 -0.3032100 0.2719330 0.2721820 0.2727419 0.2657888 -0.3454546 -0.3456614 -0.3453247 -0.3456150 0.2716327 0.2709086 0.2696894 -0.3418873 0.2680153 0.2666298 -0.3423895 -0.3417748 -0.3406285 0.2693188 0.2686147 0.2682396 0.2694715 -0.3424597 0.2682718 0.2758103 -0.3424325 0.0924469 -0.3421245 -0.3384844 -0.3396207 -0.3056520 -0.3047776 -0.3057501 0.2704495 0.2699231 0.2692598 0.0913677 0.2684460 0.2677936 0.2713563 0.2735054 0.2753375 -0.3431114 -0.3412131 -0.3418951 -0.3442217 -0.3434851 -0.3409663
-0.3420619 0.2788082 0.2844937 0.2840765 0.2817416 -0.2688146 0.2764570 0.0954664 0.3203870 0.3168923 0.8993222 0.3187522 0.3114372 0.3172844 0.3175316 0.2731554 0.2689446 0.2749217 -0.2637965 0.3002174 -0.3412873 0.2726741 -0.3457715 0.0928076 -0.3457587 -0.3425426 -0.3449491 -0.3429120 -0.3437490 -0.2646752 0.2734865 0.2755983 -0.3446269 -0.3439034 -0.3452293 0.2571461 0.2657497 0.2731881 0.2734961 -0.2713682 -0.2703462 -0.2715094 -0.2703044 -0.2711436 -0.2705861 0.2713211 -0.3429580 -0.3427735 -0.3439631 -0.3431296 -0.3434165 0.2651738 0.2670148 0.2699338 -0.3021095 -0.3019009 0.2692421 -0.3065437 0.2766731 0.2725662 0.2687871 -0.3064003 -0.3052650 -0.3059117 0.2682338 0.2675974 0.2691064 0.2674374 0.2695847 0.2643718 0.2723464 -0.2651331 -0.3005391 -0.3039350 0.2691492 0.2749577 0.2703175 0.2689364 -0.3448343 -0.3462141 -0.3460141 -0.3451952 0.2681842 0.2711352 0.2698296 -0.3418941 0.2684179 0.2662627 -0.3428964 -0.3428619 -0.3411422 0.2696844 0.2695955 0.2689179 0.2701628 -0.3429984 0.2692772 0.2743589 -0.3425998 0.0950921 -0.3431266 -0.3391768 -0.3405605 -0.3054772 -0.3064480 -0.3068067 0.2687142 0.2705013 0.2695140 0.0953196 0.2671456 0.2680967 0.2705823 0.2719598 0.2739814 -0.3440845 -0.3410806 -0.3424781 -0.3439421 -0.3451718 -0.3402545
-0.3395742 0.2765785 0.2826042 0.2844723 0.2769364 -0.2654105 0.2740470 0.0926086 0.3173081 0.3111935 0.3187522 0.8913593 0.3124767 0.3133912 0.3086884 0.2696181 0.2691226 0.2699301 -0.2597392 0.3000307 -0.3398381 0.2692142 -0.3436748 0.0904247 -0.3430944 -0.3408072 -0.3421396 -0.3419108 -0.3426899 -0.2615559 0.2689941 0.2712960 -0.3425690 -0.3416781 -0.3434304 0.2545246 0.2623380 0.2695109 0.2697159 -0.2672087 -0.2675521 -0.2675592 -0.2671743 -0.2664110 -0.2669317 0.2696811 -0.3402301 -0.3401297 -0.3419710 -0.3405297 -0.3409528 0.2661681 0.2691287 0.2648305 -0.3000533 -0.3000948 0.2657141 -0.3056061 0.2743117 0.2709136 0.2678837 -0.3048958 -0.3038195 -0.3041826 0.2706783 0.2664769 0.2684930 0.2665767 0.2680933 0.2723121 0.2693794 -0.2620249 -0.2977960 -0.3017145 0.2723057 0.2720789 0.2711734 0.2704128 -0.3431348 -0.3435127 -0.3434998 -0.3442892 0.2707636 0.2695489 0.2652261 -0.3400713 0.2652738 0.2627079 -0.3399990 -0.3406500 -0.3391051 0.2694661 0.2686254 0.2685145 0.2711863 -0.3412494 0.2670244 0.2677083 -0.3398168 0.0940290 -0.3413596 -0.3371628 -0.3383127 -0.3054118 -0.3042313 -0.3056952 0.2693463 0.2662235 0.2667670 0.0934899 0.2660031 0.2673601 0.2723616 0.2669211 0.2758536 -0.3416191 -0.3393516 -0.3400486 -0.3413842 -0.3420196 -0.3385932
-0.3442079 0.2805950 0.2794806 0.2854560 0.2844932 -0.2696407 0.2780546 0.0886717 0.3212513 0.3157934 0.3114372 0.3124767 0.9010400 0.3188741 0.3192362 0.2729912 0.2726848 0.2754260 -0.2653744 0.3080477 -0.3435776 0.2762885 -0.3475541 0.0851434 -0.3469574 -0.3436873 -0.3448732 -0.3450159 -0.3455893 -0.2657840 0.2700690 0.2729232 -0.3464960 -0.3444764 -0.3464872 0.2579000 0.2705086 0.2727518 0.2780433 -0.2732595 -0.2715495 -0.2724377 -0.2712042 -0.2718547 -0.2705916 0.2711110 -0.3435829 -0.3441460 -0.3459895 -0.3443372 -0.3439156 0.2696814 0.2689328 0.2734934 -0.3032277 -0.3029849 0.2712083 -0.3084398 0.2723099 0.2731440 0.2707826 -0.3080540 -0.3071852 -0.3075987 0.2727135 0.2676088 0.2722902 0.2691861 0.2756799 0.2731457 0.2754208 -0.2667010 -0.3005132 -0.3057337 0.2751201 0.2753888 0.2732310 0.2705077 -0.3463514 -0.3471679 -0.3468110 -0.3475668 0.2704388 0.2740555 0.2738132 -0.3438809 0.2693700 0.2700167 -0.3439075 -0.3436055 -0.3429486 0.2747190 0.2706567 0.2718602 0.2719204 -0.3443721 0.2713118 0.2776854 -0.3443953 0.0891406 -0.3441448 -0.3408759 -0.3424940 -0.3087374 -0.3068056 -0.3082487 0.2708121 0.2682820 0.2672758 0.0880166 0.2685535 0.2691807 0.2683217 0.2742569 0.2771901 -0.3443758 -0.3425598 -0.3429222 -0.3447337 -0.3453915 -0.3420816
-0.3447573 0.2832820 0.2901073 0.2887332 0.2882632 -0.2691908 0.2804920 0.0906984 0.3159860 0.3161935 0.3172844 0.3133912 0.3188741 0.8981759 0.3158624 0.2721453 0.2754545 0.2744335 -0.2629932 0.3040260 -0.3455090 0.2730038 -0.3478343 0.0891429 -0.3472691 -0.3443356 -0.3464307 -0.3460647 -0.3459135 -0.2638727 0.2709637 0.2709405 -0.3460461 -0.3448064 -0.3464077 0.2588553 0.2637438 0.2750063 0.2733983 -0.2709963 -0.2701432 -0.2711295 -0.2704567 -0.2701049 -0.2701182 0.2719303 -0.3438519 -0.3445860 -0.3457767 -0.3449885 -0.3448489 0.2728455 0.2697153 0.2710676 -0.3036720 -0.3033946 0.2688971 -0.3084027 0.2759193 0.2757884 0.2727511 -0.3079593 -0.3064045 -0.3081866 0.2703869 0.2710752 0.2681526 0.2671912 0.2765544 0.2705086 0.2732051 -0.2646149 -0.3009331 -0.3056677 0.2740118 0.2774899 0.2719004 0.2752109 -0.3470057 -0.3477030 -0.3474814 -0.3476892 0.2763124 0.2718599 0.2718413 -0.3443116 0.2661189 0.2666206 -0.3452874 -0.3450098 -0.3432833 0.2718733 0.2710924 0.2709286 0.2696624 -0.3450787 0.2702229 0.2737382 -0.3460500 0.0924916 -0.3454494 -0.3419092 -0.3424683 -0.3090194 -0.3087364 -0.3091972 0.2708701 0.2722459 0.2693929 0.0887742 0.2715447 0.2707029 0.2726051 0.2710302 0.2771700 -0.3450018 -0.3440664 -0.3447333 -0.3463900 -0.3459628 -0.3434440
-0.3445154 0.2804891 0.2817027 0.2812352 0.2798016 -0.2674788 0.2777666 0.0906268 0.3177048 0.3141820 0.3175316 0.3086884 0.3192362 0.3158624 0.8939267 0.2769812 0.2702802 0.2762282 -0.2613245 0.3030768 -0.3442728 0.2736328 -0.3471718 0.0897773 -0.3466007 -0.3435713 -0.3459425 -0.3453765 -0.3458093 -0.2620299 0.2719335 0.2690863 -0.3457586 -0.3444568 -0.3463802 0.2564180 0.2654301 0.2701338 0.2745533 -0.2695904 -0.2684613 -0.2697360 -0.2686844 -0.2680529 -0.2682611 0.2752645 -0.3438342 -0.3441178 -0.3454757 -0.3453218 -0.3439217 0.2664898 0.2698987 0.2728325 -0.3021773 -0.3008880 0.2715778 -0.3061379 0.2778029 0.2744280 0.2722311 -0.3055972 -0.3039405 -0.3059834 0.2705642 0.2682450 0.2687895 0.2710527 0.2727488 0.2704377 0.2696031 -0.2632411 -0.2986124 -0.3033979 0.2767708 0.2752151 0.2679323 0.2677974 -0.3461514 -0.3468229 -0.3470533 -0.3476686 0.2706913 0.2744595 0.2731098 -0.3434128 0.2672205 0.2677182 -0.3441298 -0.3445988 -0.3429241 0.2712721 0.2686474 0.2712690 0.2702943 -0.3444895 0.2669647 0.2752277 -0.3448063 0.0929054 -0.3451835 -0.3406452 -0.3420385 -0.3060509 -0.3046535 -0.3057980 0.2696763 0.2706552 0.2690536 0.0895835 0.2683339 0.2673601 0.2695379 0.2692426 0.2770355 -0.3443031 -0.3433252 -0.3441488 -0.3451497 -0.3458115 -0.3423048
-0.3510628 0.2731237 0.2816769 0.2822059 0.2788325 -0.2786189 0.2847970 0.0822274 0.2727993 0.2731814 0.2731554 0.2696181 0.2729912 0.2721453 0.2769812 0.8954874 0.2944087 0.2888520 -0.2736180 0.2724025 -0.3506884 0.3026627 -0.3547931 0.0808543 -0.3539900 -0.3511050 -0.3539840 -0.3531666 -0.3527577 -0.2735079 0.2863337 0.2819789 -0.3536096 -0.3532135 -0.3537263 0.2694817 0.2781059 0.2911923 0.2901700 -0.2812676 -0.2800509 -0.2807635 -0.2801079 -0.2800586 -0.2810733 0.3048920 -0.3510984 -0.3518199 -0.3531507 -0.3516925 -0.3518552 0.2934556 0.2917446 0.2871923 -0.3131874 -0.3130519 0.2759082 -0.3177051 0.3007056 0.2992872 0.2992610 -0.3166425 -0.3165797 -0.3165420 0.2878688 0.2911012 0.2945443 0.2967474 0.2976357 0.2947974 0.2827424 -0.2753083 -0.3106813 -0.3142542 0.2965408 0.3030799 0.2975827 0.2927672 -0.3535483 -0.3544536 -0.3555193 -0.3548768 0.2982228 0.2970295 0.2840606 -0.3521934 0.2748964 0.2784104 -0.3516952 -0.3526464 -0.3505386 0.2906933 0.2804488 0.2908137 0.2835745 -0.3532139 0.2864106 0.2834558 -0.3514225 0.0816922 -0.3527927 -0.3484102 -0.3496791 -0.3168553 -0.3173875 -0.3177425 0.2782901 0.2778157 0.2792388 0.0802810 0.2890291 0.2783279 0.2764005 0.2917515 0.2825196 -0.3526372 -0.3502791 -0.3520379 -0.3531859 -0.3542184 -0.3508348
-0.3528875 0.2724685 0.2750387 0.2783891 0.2726919 -0.2780198 0.2740559 0.0819640 0.2705023 0.2717668 0.2689446 0.2691226 0.2726848 0.2754545 0.2702802 0.2944087 0.9055179 0.3105086 -0.2725348 0.2707223 -0.3519388 0.2906006 -0.3556387 0.0783466 -0.3545181 -0.3522566 -0.3546315 -0.3536427 -0.3537446 -0.2719738 0.3010608 0.2963042 -0.3546520 -0.3532132 -0.3548770 0.2837813 0.2904229 0.3119547 0.3136379 -0.2788478 -0.2790172 -0.2795231 -0.2801081 -0.2798686 -0.2777594 0.2912705 -0.3520483 -0.3529039 -0.3539363 -0.3533721 -0.3523830 0.2849417 0.2847216 0.2968958 -0.3124873 -0.3119813 0.2964103 -0.3164816 0.2921890 0.2856300 0.2837447 -0.3177415 -0.3133816 -0.3165486 0.2759787 0.2801644 0.2860945 0.2889108 0.2851351 0.2863911 0.3007811 -0.2737417 -0.3091171 -0.3140688 0.2913941 0.2952990 0.2914858 0.2903913 -0.3544233 -0.3549221 -0.3553848 -0.3558049 0.2896077 0.2861062 0.3050772 -0.3525085 0.2899328 0.2925608 -0.3525815 -0.3527779 -0.3505898 0.2811367 0.2975089 0.2792825 0.2974703 -0.3533384 0.2776101 0.3010427 -0.3526127 0.0807031 -0.3541000 -0.3491961 -0.3500788 -0.3171899 -0.3162227 -0.3163162 0.2696936 0.2889165 0.2944646 0.0805157 0.2819253 0.2745463 0.2686413 0.2835880 0.2767739 -0.3528051 -0.3509794 -0.3521944 -0.3533588 -0.3535726 -0.3514410
-0.3537398 0.2710716 0.2767097 0.2782567 0.2716239 -0.2776896 0.2769571 0.0801791 0.2739801 0.2756254 0.2749217 0.2699301 0.2754260 0.2744335 0.2762282 0.2888520 0.3105086 0.9017360 -0.2711555 0.2750619 -0.3537911 0.2921010 -0.3566518 0.0780872 -0.3553159 -0.3534990 -0.3550826 -0.3542840 -0.3550544 -0.2715763 0.2979101 0.3001584 -0.3553898 -0.3540426 -0.3553765 0.2830195 0.2942215 0.3116063 0.3108275 -0.2791052 -0.2776279 -0.2789918 -0.2783289 -0.2787307 -0.2775666 0.2919109 -0.3528087 -0.3530391 -0.3549724 -0.3544025 -0.3536133 0.2787508 0.2801726 0.2997444 -0.3121632 -0.3106703 0.2987615 -0.3159207 0.2935518 0.2900629 0.2868802 -0.3158432 -0.3141440 -0.3156068 0.2798614 0.2834193 0.2913908 0.2874904 0.2821186 0.2914273 0.2996919 -0.2732954 -0.3088793 -0.3132812 0.2925277 0.2909786 0.2891809 0.2846643 -0.3557925 -0.3560198 -0.3554887 -0.3555865 0.2801433 0.2892370 0.3033511 -0.3531059 0.2880524 0.2907495 -0.3544593 -0.3538025 -0.3513251 0.2834662 0.2975598 0.2804907 0.2985115 -0.3540362 0.2789188 0.3011830 -0.3537894 0.0816979 -0.3544367 -0.3495088 -0.3513430 -0.3156821 -0.3145815 -0.3153588 0.2717302 0.2889686 0.2938430 0.0802974 0.2816307 0.2733873 0.2681412 0.2810416 0.2738494 -0.3542860 -0.3521535 -0.3533878 -0.3543283 -0.3557476 -0.3518487
-0.2274312 -0.2634463 -0.2669194 -0.2698156 -0.2664064 2.3701344 -0.2696010 -0.0857975 -0.2582236 -0.2619947 -0.2637965 -0.2597392 -0.2653744 -0.2629932 -0.2613245 -0.2736180 -0.2725348 -0.2711555 2.6187365 -0.2609529 -0.2280248 -0.2726416 -0.2308948 -0.0827702 -0.2295457 -0.2264415 -0.2297978 -0.2280216 -0.2283324 2.3744309 -0.2698609 -0.2666376 -0.2303860 -0.2266822 -0.2290750 -0.2650558 -0.2685511 -0.2712188 -0.2737449 2.3831697 2.3813653 2.3818994 2.3840609 2.3801968 2.3793576 -0.2707535 -0.2264135 -0.2271185 -0.2284139 -0.2283694 -0.2290296 -0.2682024 -0.2679783 -0.2698776 0.2016147 0.3263301 -0.2665478 0.0194641 -0.2725980 -0.2721648 -0.2646399 0.0204660 0.0204283 0.0206657 -0.2671840 -0.2714781 -0.2685536 -0.2703554 -0.2718821 -0.2712219 -0.2693966 2.3538485 0.5632143 0.0749409 -0.2712980 -0.2748249 -0.2745062 -0.2701356 -0.2297263 -0.2300119 -0.2296017 -0.2296611 -0.2719132 -0.2715717 -0.2685904 -0.2263529 -0.2651917 -0.2677970 -0.2273770 -0.2283020 -0.2257304 -0.2705277 -0.2698052 -0.2671662 -0.2680683 -0.2277669 -0.2664998 -0.2713107 -0.2295139 -0.0858122 -0.2283863 -0.2239840 -0.2262892 0.0221280 0.0254183 0.0179962 -0.2604312 -0.2668627 -0.2676485 -0.0834153 -0.2652159 -0.2604603 -0.2616963 -0.2700484 -0.2655250 -0.2268845 -0.2272097 -0.2280219 -0.2296313 -0.2296705 -0.2256163
-0.3395719 0.2756958 0.2791040 0.2858942 0.2813957 -0.2663315 0.2789447 0.0934542 0.3081995 0.2966492 0.3002174 0.3000307 0.3080477 0.3040260 0.3030768 0.2724025 0.2707223 0.2750619 -0.2609529 0.8848737 -0.3396624 0.2730304 -0.3430092 0.0927043 -0.3413536 -0.3396610 -0.3403424 -0.3406143 -0.3412007 -0.2610440 0.2699680 0.2638842 -0.3421056 -0.3393456 -0.3408771 0.2565970 0.2635329 0.2660867 0.2728656 -0.2691337 -0.2677205 -0.2689997 -0.2684690 -0.2679308 -0.2678326 0.2705811 -0.3388759 -0.3402623 -0.3413370 -0.3401848 -0.3405021 0.2673332 0.2704903 0.2674025 -0.2995371 -0.2985885 0.2680607 -0.3054309 0.2743750 0.2733120 0.2709131 -0.3048926 -0.3038654 -0.3054051 0.2666794 0.2685007 0.2711023 0.2708457 0.2717762 0.2694032 0.2665327 -0.2613256 -0.2970952 -0.3022964 0.2734143 0.2748511 0.2711545 0.2715456 -0.3413845 -0.3418950 -0.3421743 -0.3415748 0.2675924 0.2662630 0.2689923 -0.3388992 0.2648404 0.2681741 -0.3396313 -0.3399684 -0.3381863 0.2690430 0.2688762 0.2685218 0.2668603 -0.3401725 0.2665943 0.2689646 -0.3398469 0.0935930 -0.3404084 -0.3352112 -0.3369334 -0.3046353 -0.3039527 -0.3055406 0.2680003 0.2644771 0.2668355 0.0933432 0.2679474 0.2663406 0.2700641 0.2666505 0.2724036 -0.3385766 -0.3386399 -0.3398076 -0.3418435 -0.3409508 -0.3376002
0.7837933 -0.3434421 -0.3472422 -0.3466067 -0.3451366 -0.2343040 -0.3476755 -0.1804603 -0.3437842 -0.3428364 -0.3412873 -0.3398381 -0.3435776 -0.3455090 -0.3442728 -0.3506884 -0.3519388 -0.3537911 -0.2280248 -0.3396624 1.1368347 -0.3507746 0.7697024 -0.1780759 0.7709464 0.7845320 0.7685306 0.7856472 0.7820620 -0.2284183 -0.3499070 -0.3463881 0.7733803 0.7633676 0.7686654 -0.3280228 -0.3368802 -0.3523903 -0.3533673 -0.2358154 -0.2354332 -0.2360561 -0.2361222 -0.2353433 -0.2353289 -0.3533650 0.7807828 0.7824429 0.7924382 0.7867172 0.7786756 -0.3475446 -0.3502848 -0.3495784 -0.2882578 -0.2872521 -0.3480278 -0.2937979 -0.3554218 -0.3534850 -0.3506121 -0.2957769 -0.2937512 -0.2932367 -0.3467351 -0.3486504 -0.3487733 -0.3475763 -0.3502013 -0.3478287 -0.3478896 -0.2280346 -0.2806008 -0.2880192 -0.3534450 -0.3562133 -0.3551473 -0.3514003 0.7712361 0.7723519 0.7688386 0.7711020 -0.3528998 -0.3522146 -0.3475499 0.7681920 -0.3410488 -0.3442330 0.7638376 0.7672296 0.7628938 -0.3465277 -0.3468144 -0.3457547 -0.3466496 0.7688953 -0.3440771 -0.3529344 0.7670637 -0.1812961 0.7649561 0.7553772 0.7594044 -0.2922835 -0.2920339 -0.2948136 -0.3386518 -0.3440669 -0.3455902 -0.1788563 -0.3453537 -0.3377605 -0.3390521 -0.3465272 -0.3437024 0.7812687 0.7648602 0.7656876 0.7683794 0.7731966 0.7752573
-0.3507235 0.2771612 0.2801902 0.2796308 0.2738366 -0.2795789 0.2850087 0.0826651 0.2739372 0.2711775 0.2726741 0.2692142 0.2762885 0.2730038 0.2736328 0.3026627 0.2906006 0.2921010 -0.2726416 0.2730304 -0.3507746 0.9008533 -0.3534771 0.0802557 -0.3533596 -0.3493924 -0.3532932 -0.3522740 -0.3523683 -0.2735557 0.2861528 0.2748875 -0.3530293 -0.3520336 -0.3527936 0.2639332 0.2756479 0.2912273 0.2918679 -0.2808439 -0.2805616 -0.2813635 -0.2813177 -0.2808003 -0.2809797 0.3045552 -0.3501663 -0.3510788 -0.3516909 -0.3513191 -0.3508213 0.2849600 0.2866043 0.2796219 -0.3119583 -0.3121756 0.2779518 -0.3173827 0.3026687 0.3076816 0.2969733 -0.3149500 -0.3145098 -0.3160195 0.2811828 0.2858855 0.2994604 0.2985792 0.3017314 0.2985050 0.2806892 -0.2752626 -0.3101670 -0.3135831 0.3062141 0.2998482 0.2897935 0.2938403 -0.3524217 -0.3533985 -0.3543234 -0.3532776 0.2928111 0.2947026 0.2855028 -0.3517308 0.2795865 0.2740770 -0.3518170 -0.3510072 -0.3502581 0.2878509 0.2794132 0.2853324 0.2874076 -0.3514302 0.2823587 0.2900883 -0.3521506 0.0817295 -0.3517565 -0.3476828 -0.3489349 -0.3162012 -0.3157752 -0.3171595 0.2734718 0.2802216 0.2823554 0.0808270 0.2845985 0.2753035 0.2795282 0.2842348 0.2833414 -0.3509841 -0.3503532 -0.3515791 -0.3527293 -0.3530670 -0.3496725
0.7686196 -0.3460975 -0.3508133 -0.3510841 -0.3486663 -0.2374521 -0.3511040 -0.1842312 -0.3473873 -0.3453119 -0.3457715 -0.3436748 -0.3475541 -0.3478343 -0.3471718 -0.3547931 -0.3556387 -0.3566518 -0.2308948 -0.3430092 0.7697024 -0.3534771 1.1426017 -0.1808254 0.7910237 0.7722299 0.7894279 0.7774264 0.7796462 -0.2317554 -0.3534488 -0.3500564 0.7885280 0.7870595 0.7891389 -0.3296305 -0.3398702 -0.3560011 -0.3570338 -0.2387702 -0.2386505 -0.2379656 -0.2389026 -0.2380541 -0.2384108 -0.3567984 0.7703648 0.7721929 0.7766204 0.7726402 0.7739623 -0.3509929 -0.3534199 -0.3534394 -0.2913307 -0.2891570 -0.3516965 -0.2965810 -0.3587538 -0.3561357 -0.3545877 -0.2984382 -0.2954379 -0.2973929 -0.3500989 -0.3510900 -0.3527820 -0.3516425 -0.3547154 -0.3524718 -0.3536668 -0.2312933 -0.2837548 -0.2907508 -0.3546270 -0.3594565 -0.3577854 -0.3540201 0.7866595 0.7909685 0.7913975 0.7916417 -0.3550791 -0.3558970 -0.3505232 0.7809620 -0.3448781 -0.3466772 0.7824120 0.7815239 0.7784467 -0.3506369 -0.3505328 -0.3486735 -0.3494534 0.7855939 -0.3475698 -0.3568567 0.7833931 -0.1844459 0.7809530 0.7732619 0.7752678 -0.2959146 -0.2952225 -0.2979611 -0.3422899 -0.3458735 -0.3499593 -0.1819359 -0.3487530 -0.3399520 -0.3419499 -0.3494363 -0.3479917 0.7743559 0.7812090 0.7824504 0.7871411 0.7903537 0.7683975
-0.1781410 0.0883828 0.0839871 0.0817862 0.0832347 -0.0888352 0.0851752 0.6459213 0.0884175 0.0898084 0.0928076 0.0904247 0.0851434 0.0891429 0.0897773 0.0808543 0.0783466 0.0780872 -0.0827702 0.0927043 -0.1780759 0.0802557 -0.1808254 0.9677632 -0.1798743 -0.1768646 -0.1790419 -0.1784709 -0.1789304 -0.0829783 0.0819504 0.0813417 -0.1810880 -0.1776239 -0.1799882 0.0787083 0.0793028 0.0761407 0.0797748 -0.0884896 -0.0887587 -0.0901021 -0.0895888 -0.0899431 -0.0890976 0.0786057 -0.1765125 -0.1777261 -0.1790398 -0.1791604 -0.1775904 0.0795283 0.0797859 0.0808026 -0.1201802 -0.1209374 0.0800707 -0.1245587 0.0780967 0.0779708 0.0768182 -0.1239019 -0.1224558 -0.1245058 0.0792407 0.0749594 0.0788458 0.0787547 0.0786664 0.0797029 0.0796095 -0.0842672 -0.1175783 -0.1230379 0.0801171 0.0801119 0.0772467 0.0793301 -0.1801383 -0.1803575 -0.1812437 -0.1809852 0.0788182 0.0826493 0.0774085 -0.1787317 0.0814495 0.0817477 -0.1789940 -0.1795065 -0.1776829 0.0792975 0.0821065 0.0824021 0.0747527 -0.1793289 0.0827097 0.0819052 -0.1789999 0.6563624 -0.1787909 -0.1763627 -0.1763136 -0.1258542 -0.1253890 -0.1240058 0.0936461 0.0816403 0.0788899 0.6463828 0.0789239 0.0856581 0.0820400 0.0837440 0.0835385 -0.1780407 -0.1787406 -0.1786405 -0.1798372 -0.1798594 -0.1761910
0.7678089 -0.3455823 -0.3503848 -0.3500633 -0.3486209 -0.2362079 -0.3500497 -0.1842916 -0.3464969 -0.3451754 -0.3457587 -0.3430944 -0.3469574 -0.3472691 -0.3466007 -0.3539900 -0.3545181 -0.3553159 -0.2295457 -0.3413536 0.7709464 -0.3533596 0.7910237 -0.1798743 1.1380922 0.7684950 0.7860808 0.7746370 0.7781907 -0.2299549 -0.3526300 -0.3487217 0.7894428 0.7826073 0.7841923 -0.3302419 -0.3387882 -0.3545393 -0.3556910 -0.2373292 -0.2367254 -0.2364679 -0.2375289 -0.2370164 -0.2373945 -0.3566502 0.7733379 0.7705140 0.7748067 0.7743289 0.7719641 -0.3495177 -0.3525349 -0.3526661 -0.2901270 -0.2882198 -0.3503178 -0.2969968 -0.3582375 -0.3561120 -0.3537236 -0.2983684 -0.2959529 -0.2968576 -0.3492679 -0.3511723 -0.3516604 -0.3518008 -0.3529751 -0.3511402 -0.3524511 -0.2298741 -0.2838022 -0.2909927 -0.3554382 -0.3586499 -0.3580810 -0.3538352 0.7869602 0.7893181 0.7899737 0.7917786 -0.3552070 -0.3556817 -0.3505959 0.7817132 -0.3449685 -0.3481570 0.7797414 0.7817011 0.7783514 -0.3503726 -0.3500724 -0.3490214 -0.3494850 0.7809713 -0.3469753 -0.3560077 0.7819710 -0.1843895 0.7800745 0.7724262 0.7742938 -0.2951975 -0.2945368 -0.2983322 -0.3419479 -0.3466945 -0.3492680 -0.1826160 -0.3479868 -0.3404750 -0.3415285 -0.3493538 -0.3468778 0.7739455 0.7787681 0.7839212 0.7857555 0.7825698 0.7712247
0.7790382 -0.3427962 -0.3485742 -0.3476586 -0.3454144 -0.2338301 -0.3479841 -0.1806449 -0.3440142 -0.3421879 -0.3425426 -0.3408072 -0.3436873 -0.3443356 -0.3435713 -0.3511050 -0.3522566 -0.3534990 -0.2264415 -0.3396610 0.7845320 -0.3493924 0.7722299 -0.1768646 0.7684950 1.1376046 0.7697117 0.7844060 0.7829999 -0.2265999 -0.3488092 -0.3471296 0.7678621 0.7678723 0.7694557 -0.3262068 -0.3370125 -0.3524146 -0.3541517 -0.2346410 -0.2328505 -0.2331254 -0.2336756 -0.2339261 -0.2340880 -0.3527177 0.7777771 0.7768077 0.7871076 0.7803684 0.7819884 -0.3474870 -0.3494478 -0.3492502 -0.2862051 -0.2835098 -0.3471720 -0.2910517 -0.3544712 -0.3529682 -0.3505228 -0.2936306 -0.2896510 -0.2921160 -0.3459341 -0.3478114 -0.3485756 -0.3485460 -0.3499910 -0.3481857 -0.3491285 -0.2270296 -0.2786340 -0.2856392 -0.3518601 -0.3560210 -0.3549911 -0.3511815 0.7688954 0.7686178 0.7703390 0.7692936 -0.3532190 -0.3519191 -0.3471905 0.7635450 -0.3412927 -0.3443361 0.7631839 0.7661075 0.7585171 -0.3471168 -0.3466260 -0.3451254 -0.3451605 0.7667710 -0.3450370 -0.3533131 0.7657143 -0.1790880 0.7654046 0.7585893 0.7606055 -0.2899283 -0.2900054 -0.2921512 -0.3385110 -0.3424703 -0.3460512 -0.1780275 -0.3446836 -0.3372910 -0.3380769 -0.3456874 -0.3438910 0.7813615 0.7608507 0.7669628 0.7658410 0.7674857 0.7725671
0.7650918 -0.3452341 -0.3494003 -0.3503228 -0.3479947 -0.2363709 -0.3500828 -0.1827891 -0.3465528 -0.3443244 -0.3449491 -0.3421396 -0.3448732 -0.3464307 -0.3459425 -0.3539840 -0.3546315 -0.3550826 -0.2297978 -0.3403424 0.7685306 -0.3532932 0.7894279 -0.1790419 0.7860808 0.7697117 1.1397315 0.7710858 0.7733390 -0.2303223 -0.3522837 -0.3488773 0.7823617 0.7821676 0.7870090 -0.3278989 -0.3388846 -0.3539290 -0.3558223 -0.2379665 -0.2364401 -0.2365946 -0.2377864 -0.2368622 -0.2368736 -0.3548494 0.7698304 0.7704705 0.7778341 0.7724068 0.7719699 -0.3507259 -0.3507093 -0.3515601 -0.2906778 -0.2879297 -0.3506813 -0.2962986 -0.3562293 -0.3552133 -0.3523871 -0.2984504 -0.2946865 -0.2975951 -0.3488414 -0.3505571 -0.3519128 -0.3507141 -0.3527708 -0.3508725 -0.3519188 -0.2296306 -0.2827398 -0.2902557 -0.3545732 -0.3579247 -0.3566102 -0.3529214 0.7846996 0.7892660 0.7869849 0.7882715 -0.3552224 -0.3548241 -0.3493008 0.7778014 -0.3446989 -0.3462734 0.7782588 0.7770222 0.7746323 -0.3490286 -0.3485949 -0.3482205 -0.3475433 0.7790222 -0.3471364 -0.3555850 0.7807404 -0.1825579 0.7799988 0.7700127 0.7750531 -0.2954660 -0.2949706 -0.2978926 -0.3415363 -0.3453439 -0.3483891 -0.1809775 -0.3470315 -0.3394961 -0.3418328 -0.3482806 -0.3471160 0.7736673 0.7777493 0.7782871 0.7836478 0.7831839 0.7683985
0.7821050 -0.3449720 -0.3491442 -0.3492443 -0.3471181 -0.2345934 -0.3492416 -0.1814103 -0.3454507 -0.3436220 -0.3429120 -0.3419108 -0.3450159 -0.3460647 -0.3453765 -0.3531666 -0.3536427 -0.3542840 -0.2280216 -0.3406143 0.7856472 -0.3522740 0.7774264 -0.1784709 0.7746370 0.7844060 0.7710858 1.1403210 0.7880525 -0.2279622 -0.3508816 -0.3477857 0.7756321 0.7688101 0.7733132 -0.3288045 -0.3382316 -0.3546561 -0.3549910 -0.2351779 -0.2350070 -0.2353677 -0.2352785 -0.2356836 -0.2353143 -0.3547513 0.7852377 0.7874342 0.7932892 0.7890155 0.7845552 -0.3489815 -0.3503846 -0.3512391 -0.2890033 -0.2868178 -0.3497271 -0.2941723 -0.3561985 -0.3541222 -0.3525200 -0.2957246 -0.2936200 -0.2947122 -0.3474064 -0.3500801 -0.3500040 -0.3492791 -0.3520542 -0.3503522 -0.3514875 -0.2286300 -0.2812217 -0.2888215 -0.3539797 -0.3570236 -0.3561000 -0.3529661 0.7729262 0.7743663 0.7709717 0.7760808 -0.3543029 -0.3547384 -0.3481777 0.7693508 -0.3436873 -0.3453606 0.7692140 0.7681013 0.7643121 -0.3487055 -0.3479978 -0.3467510 -0.3479677 0.7702129 -0.3455557 -0.3543468 0.7683124 -0.1814440 0.7714866 0.7576202 0.7632373 -0.2922207 -0.2932023 -0.2951416 -0.3399698 -0.3454058 -0.3475266 -0.1793196 -0.3464608 -0.3387514 -0.3403372 -0.3476121 -0.3460215 0.7873994 0.7649739 0.7677767 0.7714677 0.7716607 0.7787448
0.7876223 -0.3452512 -0.3494129 -0.3486179 -0.3479018 -0.2349020 -0.3490749 -0.1814458 -0.3460446 -0.3437741 -0.3437490 -0.3426899 -0.3455893 -0.3459135 -0.3458093 -0.3527577 -0.3537446 -0.3550544 -0.2283324 -0.3412007 0.7820620 -0.3523683 0.7796462 -0.1789304 0.7781907 0.7829999 0.7733390 0.7880525 1.1499143 -0.2283498 -0.3510082 -0.3483538 0.7752075 0.7689998 0.7751932 -0.3292792 -0.3391083 -0.3548730 -0.3548661 -0.2354197 -0.2353410 -0.2357603 -0.2365027 -0.2353175 -0.2365231 -0.3551619 0.7805253 0.7859675 0.7917482 0.7880009 0.7858174 -0.3493640 -0.3508819 -0.3509082 -0.2892805 -0.2876734 -0.3498782 -0.2950685 -0.3563702 -0.3544495 -0.3527328 -0.2964183 -0.2940717 -0.2947720 -0.3482987 -0.3502299 -0.3514130 -0.3500667 -0.3526955 -0.3490357 -0.3512544 -0.2292926 -0.2820857 -0.2895988 -0.3547322 -0.3576209 -0.3557860 -0.3529007 0.7763371 0.7767286 0.7757024 0.7791885 -0.3540707 -0.3542838 -0.3492063 0.7693839 -0.3428216 -0.3467169 0.7701037 0.7719909 0.7657474 -0.3486441 -0.3482566 -0.3480113 -0.3479631 0.7693768 -0.3453148 -0.3544692 0.7697998 -0.1819236 0.7700501 0.7621448 0.7653019 -0.2942287 -0.2939243 -0.2957022 -0.3406886 -0.3450532 -0.3476870 -0.1809960 -0.3476079 -0.3393748 -0.3402758 -0.3482214 -0.3460091 0.7853108 0.7665395 0.7645184 0.7707571 0.7719924 0.7804120
-0.2272615 -0.2632616 -0.2681452 -0.2700832 -0.2678353 2.3736446 -0.2697762 -0.0857860 -0.2596080 -0.2638188 -0.2646752 -0.2615559 -0.2657840 -0.2638727 -0.2620299 -0.2735079 -0.2719738 -0.2715763 2.3744309 -0.2610440 -0.2284183 -0.2735557 -0.2317554 -0.0829783 -0.2299549 -0.2265999 -0.2303223 -0.2279622 -0.2283498 2.6303976 -0.2712368 -0.2681276 -0.2310047 -0.2265738 -0.2301888 -0.2659625 -0.2687731 -0.2711506 -0.2741064 2.3896835 2.3848617 2.3863087 2.3854034 2.3857152 2.3823409 -0.2712404 -0.2270939 -0.2279713 -0.2274625 -0.2288183 -0.2291716 -0.2698929 -0.2691315 -0.2698535 0.2021561 0.3267616 -0.2666512 0.0210870 -0.2717944 -0.2720426 -0.2651478 0.0220242 0.0219398 0.0207666 -0.2675657 -0.2717281 -0.2697630 -0.2711580 -0.2727132 -0.2720520 -0.2693764 2.3643219 0.5658755 0.0751092 -0.2716531 -0.2739680 -0.2734303 -0.2707631 -0.2296752 -0.2303693 -0.2297968 -0.2298482 -0.2716248 -0.2720311 -0.2696763 -0.2273378 -0.2646775 -0.2680441 -0.2291693 -0.2286828 -0.2271098 -0.2708819 -0.2701278 -0.2680751 -0.2680925 -0.2286411 -0.2675661 -0.2708724 -0.2305395 -0.0850441 -0.2289315 -0.2247562 -0.2272646 0.0227502 0.0258351 0.0211641 -0.2610072 -0.2671846 -0.2673955 -0.0835356 -0.2669710 -0.2618318 -0.2636274 -0.2706545 -0.2667933 -0.2275613 -0.2278916 -0.2288664 -0.2303623 -0.2298138 -0.2259362
-0.3494798 0.2711041 0.2706234 0.2750277 0.2721337 -0.2763656 0.2721166 0.0852533 0.2688477 0.2731192 0.2734865 0.2689941 0.2700690 0.2709637 0.2719335 0.2863337 0.3010608 0.2979101 -0.2698609 0.2699680 -0.3499070 0.2861528 -0.3534488 0.0819504 -0.3526300 -0.3488092 -0.3522837 -0.3508816 -0.3510082 -0.2712368 0.8978195 0.3062764 -0.3525319 -0.3510398 -0.3525782 0.2943206 0.3016327 0.2973166 0.2989868 -0.2778347 -0.2785346 -0.2780826 -0.2772257 -0.2782096 -0.2775634 0.2886906 -0.3497128 -0.3498079 -0.3521006 -0.3501797 -0.3504166 0.2780574 0.2743958 0.3030061 -0.3113003 -0.3110420 0.3014638 -0.3144884 0.2854826 0.2856413 0.2787880 -0.3151252 -0.3142267 -0.3141980 0.2777684 0.2735208 0.2844016 0.2770613 0.2834849 0.2849896 0.3056513 -0.2731630 -0.3084995 -0.3125717 0.2847683 0.2858028 0.2855686 0.2808821 -0.3518516 -0.3522091 -0.3521188 -0.3522014 0.2797278 0.2817561 0.2893685 -0.3505634 0.2920281 0.2975405 -0.3517593 -0.3505589 -0.3496895 0.2763240 0.3017676 0.2770840 0.2868181 -0.3505360 0.2742271 0.3121193 -0.3507737 0.0865666 -0.3509239 -0.3460495 -0.3477115 -0.3153556 -0.3148669 -0.3151769 0.2698872 0.2975598 0.3055908 0.0834789 0.2791583 0.2687193 0.2685806 0.2789321 0.2694445 -0.3504122 -0.3499767 -0.3494158 -0.3508691 -0.3525179 -0.3487318
