2.1432333 1.8681054 1.8607845 1.8645633 1.8657622 -0.2831607 -0.1329238 -0.1349624 -0.1295984 -0.1333999 -0.1275205 -0.1337695 -0.2436914 -0.2754206 -0.2790860 -0.2808974 -0.2786930 1.8360493 -0.2818828 -0.1176981 -0.2718005 -0.2744807 -0.2759929 -0.2729643 -0.2765616 -0.2757843 -0.2733004 -0.2844672 -0.2828657 -0.2837360 1.8627708 -0.2726494 -0.2447285 -0.2846093 -0.2466635 -0.1148583 -0.2458806 -0.2425608 -0.2454486 -0.2436796 -0.2447605 1.8688785 -0.2823995 -0.2783218 -0.2463210 -0.2422303 -0.2455513 -0.2773201 -0.2800990 -0.2821962 -0.2850949 1.8472382 1.8400346 1.8424336 1.8454077 1.8433352 1.8403026 -0.2829189 -0.2415477 -0.2432625 -0.2443717 -0.2444835 -0.2455101 -0.2795313 -0.2787402 -0.2825114 0.0179870 0.1257901 -0.2790581 -0.1348145 -0.2835876 -0.2827979 -0.2777844 -0.1354018 -0.1333455 -0.1355331 -0.2795770 -0.2826172 -0.2816270 -0.2823190 -0.2829349 -0.2822683 -0.2801985 1.8562084 0.3263324 -0.0901829 -0.2828983 -0.2854607 -0.2856960 -0.2822818 -0.2457975 -0.2463942 -0.2464321 -0.2457122 -0.2832085 -0.2836975 -0.2793817 -0.2433514 -0.2757093 -0.2788155 -0.2444420 -0.2441248 -0.2421272 -0.2806636 -0.2798188 -0.2792956 -0.2797424 -0.2436112 -0.2781900 -0.2829241 -0.2455926 -0.1186572 -0.2434066 -0.2406460 -0.2419587 -0.1339813 -0.1317383 -0.1362356 -0.2722549 -0.2768888 -0.2774905 -0.1156337 -0.2767563 -0.2729447 -0.2730144 -0.2804491 -0.2754059 -0.2425981 -0.2424335 -0.2435533 -0.2447982 -0.2449012 -0.2414991
1.8681054 2.1516783 1.8694974 1.8741298 1.8740722 -0.2830734 -0.1323828 -0.1344029 -0.1290996 -0.1322981 -0.1284293 -0.1328243 -0.2451521 -0.2760338 -0.2801796 -0.2814652 -0.2790483 1.8418449 -0.2823668 -0.1180921 -0.2716899 -0.2752625 -0.2765661 -0.2733081 -0.2778145 -0.2759703 -0.2751180 -0.2847388 -0.2827172 -0.2826764 1.8712997 -0.2732268 -0.2464397 -0.2856734 -0.2488561 -0.1153185 -0.2470239 -0.2448636 -0.2477371 -0.2462396 -0.2464242 1.8760703 -0.2827961 -0.2795385 -0.2478413 -0.2442121 -0.2473415 -0.2780612 -0.2806514 -0.2840428 -0.2855870 1.8524042 1.8475071 1.8462679 1.8505969 1.8472980 1.8478627 -0.2825895 -0.2443122 -0.2448377 -0.2467038 -0.2462253 -0.2463351 -0.2805093 -0.2811953 -0.2823218 0.0183390 0.1255487 -0.2796774 -0.1349798 -0.2839879 -0.2837865 -0.2782008 -0.1355669 -0.1329389 -0.1362734 -0.2800173 -0.2833302 -0.2820715 -0.2827323 -0.2830693 -0.2826487 -0.2818238 1.8623761 0.3262816 -0.0907871 -0.2836691 -0.2851687 -0.2861690 -0.2823417 -0.2475518 -0.2486993 -0.2473998 -0.2479315 -0.2840843 -0.2836015 -0.2816674 -0.2449745 -0.2765375 -0.2796993 -0.2464888 -0.2453904 -0.2438803 -0.2814870 -0.2802546 -0.2804025 -0.2801495 -0.2457210 -0.2783416 -0.2829430 -0.2473972 -0.1185407 -0.2456157 -0.2423926 -0.2446476 -0.1347927 -0.1316200 -0.1358793 -0.2733648 -0.2783369 -0.2795470 -0.1153414 -0.2774180 -0.2743710 -0.2750593 -0.2814964 -0.2769701 -0.2450794 -0.2445785 -0.2461103 -0.2469121 -0.2467910 -0.2436534
1.8607845 1.8694974 2.1444266 1.8674003 1.8692031 -0.2831934 -0.1313680 -0.1340464 -0.1290209 -0.1326696 -0.1275740 -0.1327913 -0.2432931 -0.2753501 -0.2797009 -0.2807605 -0.2792189 1.8362864 -0.2811395 -0.1176887 -0.2722441 -0.2742132 -0.2758829 -0.2736759 -0.2773169 -0.2757776 -0.2741917 -0.2849985 -0.2834012 -0.2832780 1.8640800 -0.2734561 -0.2442531 -0.2845978 -0.2472697 -0.1150370 -0.2468070 -0.2429315 -0.2460622 -0.2443258 -0.2455148 1.8727645 -0.2826388 -0.2796485 -0.2470129 -0.2427045 -0.2452330 -0.2782227 -0.2795727 -0.2831723 -0.2846134 1.8470699 1.8437873 1.8426446 1.8454047 1.8419119 1.8428923 -0.2832028 -0.2429379 -0.2441680 -0.2453682 -0.2453075 -0.2450695 -0.2795338 -0.2793928 -0.2810167 0.0180494 0.1256720 -0.2788716 -0.1350546 -0.2839176 -0.2834629 -0.2776676 -0.1349917 -0.1325869 -0.1350815 -0.2792951 -0.2823386 -0.2812599 -0.2816030 -0.2831165 -0.2822025 -0.2810096 1.8549700 0.3268015 -0.0893938 -0.2832215 -0.2851244 -0.2856085 -0.2826456 -0.2468046 -0.2466192 -0.2457943 -0.2460322 -0.2834749 -0.2841399 -0.2806916 -0.2434552 -0.2764248 -0.2794434 -0.2448991 -0.2447423 -0.2427655 -0.2818298 -0.2797934 -0.2792324 -0.2794483 -0.2447203 -0.2775776 -0.2843023 -0.2462285 -0.1186939 -0.2441527 -0.2412692 -0.2426511 -0.1335813 -0.1320317 -0.1353250 -0.2730790 -0.2772850 -0.2782345 -0.1151176 -0.2775189 -0.2730536 -0.2744518 -0.2805756 -0.2765808 -0.2437237 -0.2430539 -0.2445314 -0.2454889 -0.2450306 -0.2416727
1.8645633 1.8741298 1.8674003 2.1507149 1.8700324 -0.2834094 -0.1330950 -0.1352181 -0.1299265 -0.1332490 -0.1282913 -0.1331003 -0.2438951 -0.2764635 -0.2812933 -0.2811863 -0.2799222 1.8434194 -0.2821034 -0.1180102 -0.2721506 -0.2751512 -0.2759968 -0.2735741 -0.2771124 -0.2765736 -0.2747608 -0.2849856 -0.2832278 -0.2840385 1.8682733 -0.2734046 -0.2447332 -0.2854484 -0.2480031 -0.1154156 -0.2471037 -0.2433549 -0.2468470 -0.2445555 -0.2460581 1.8753639 -0.2826629 -0.2793647 -0.2473646 -0.2434504 -0.2469984 -0.2779814 -0.2800575 -0.2839853 -0.2852263 1.8530563 1.8468330 1.8490589 1.8502171 1.8492440 1.8489794 -0.2844538 -0.2435122 -0.2448407 -0.2454475 -0.2455012 -0.2450675 -0.2815823 -0.2806529 -0.2815158 0.0169571 0.1241199 -0.2797237 -0.1357716 -0.2841914 -0.2839928 -0.2777633 -0.1353083 -0.1340744 -0.1359730 -0.2791564 -0.2833088 -0.2818429 -0.2822507 -0.2843606 -0.2829966 -0.2805048 1.8587688 0.3260466 -0.0909033 -0.2844594 -0.2856504 -0.2860175 -0.2825126 -0.2474064 -0.2469983 -0.2468034 -0.2463278 -0.2834359 -0.2841708 -0.2815971 -0.2436823 -0.2769868 -0.2798389 -0.2457049 -0.2448005 -0.2425442 -0.2814882 -0.2798701 -0.2800952 -0.2804505 -0.2447164 -0.2785451 -0.2829842 -0.2463057 -0.1196080 -0.2443918 -0.2407089 -0.2438213 -0.1346215 -0.1323196 -0.1360332 -0.2732035 -0.2783451 -0.2790001 -0.1157125 -0.2778540 -0.2737947 -0.2751337 -0.2817420 -0.2772947 -0.2436518 -0.2442404 -0.2440450 -0.2461366 -0.2451404 -0.2428542
1.8657622 1.8740722 1.8692031 1.8700324 2.1511230 -0.2835066 -0.1325490 -0.1347383 -0.1302197 -0.1326166 -0.1280913 -0.1319797 -0.2440343 -0.2761160 -0.2802180 -0.2814478 -0.2794038 1.8422086 -0.2822570 -0.1193950 -0.2729394 -0.2755440 -0.2768504 -0.2732321 -0.2774456 -0.2764390 -0.2742688 -0.2846106 -0.2840591 -0.2843149 1.8671919 -0.2730741 -0.2455051 -0.2852907 -0.2479321 -0.1159829 -0.2462223 -0.2433679 -0.2464748 -0.2450470 -0.2459363 1.8735844 -0.2824428 -0.2800779 -0.2468482 -0.2436963 -0.2463484 -0.2779438 -0.2802244 -0.2834896 -0.2852046 1.8547249 1.8501921 1.8504649 1.8523203 1.8491451 1.8477447 -0.2834872 -0.2435628 -0.2448605 -0.2454871 -0.2458397 -0.2457640 -0.2809875 -0.2812712 -0.2831831 0.0171863 0.1257117 -0.2793265 -0.1349887 -0.2842107 -0.2843083 -0.2784143 -0.1348301 -0.1335712 -0.1361219 -0.2805590 -0.2840217 -0.2824123 -0.2825921 -0.2843822 -0.2833156 -0.2815819 1.8596171 0.3263695 -0.0906871 -0.2840671 -0.2858992 -0.2864108 -0.2832127 -0.2471510 -0.2479213 -0.2468709 -0.2467505 -0.2839822 -0.2839462 -0.2811191 -0.2440311 -0.2773167 -0.2803330 -0.2449009 -0.2449123 -0.2425734 -0.2822120 -0.2800843 -0.2805353 -0.2805682 -0.2443397 -0.2790767 -0.2830864 -0.2462904 -0.1190327 -0.2447893 -0.2416978 -0.2439268 -0.1344866 -0.1315532 -0.1356612 -0.2734496 -0.2779510 -0.2784910 -0.1158321 -0.2781583 -0.2738807 -0.2751663 -0.2813509 -0.2774002 -0.2440135 -0.2438474 -0.2448002 -0.2461426 -0.2462367 -0.2423191
-0.2831607 -0.2830734 -0.2831934 -0.2834094 -0.2835066 0.9172132 -0.3532004 -0.3551714 -0.3540235 -0.3529989 -0.3516937 -0.3533689 -0.3120211 0.3105021 0.3204310 0.3227732 0.3176399 -0.2863505 0.3251347 0.1048284 0.3032845 0.3072869 0.3058854 0.3022718 0.3080315 0.3073772 0.3061736 0.3425298 0.3240806 0.3267317 -0.2833324 0.3093897 -0.3100268 0.3355434 -0.3145508 0.1020879 -0.3143406 -0.3103877 -0.3131076 -0.3123901 -0.3140571 -0.2833382 0.3205222 0.3119999 -0.3136895 -0.3118092 -0.3134417 0.3030233 0.3085335 0.3312144 0.3249215 -0.2878816 -0.2871230 -0.2877625 -0.2866388 -0.2870637 -0.2874380 0.3394681 -0.3113442 -0.3119980 -0.3126211 -0.3125496 -0.3112790 0.3195405 0.3192014 0.3177293 -0.3489299 -0.3479005 0.3123492 -0.3551546 0.3397849 0.3512049 0.3363673 -0.3553022 -0.3532567 -0.3540650 0.3155318 0.3231455 0.3345761 0.3359055 0.3312284 0.3329849 0.3157339 -0.2843139 -0.3449163 -0.3508337 0.3439532 0.3386953 0.3286617 0.3261485 -0.3134954 -0.3132921 -0.3138852 -0.3150220 0.3236209 0.3263907 0.3147554 -0.3120013 0.3117464 0.3135200 -0.3116430 -0.3122015 -0.3103679 0.3212826 0.3106237 0.3195242 0.3171950 -0.3131059 0.3123734 0.3124814 -0.3120154 0.1029605 -0.3120977 -0.3092197 -0.3109274 -0.3535741 -0.3526489 -0.3554502 0.3066112 0.3131424 0.3167215 0.1047252 0.3203193 0.3148973 0.3125743 0.3225234 0.3200472 -0.3114502 -0.3099661 -0.3120787 -0.3122954 -0.3125115 -0.3096369
-0.1329238 -0.1323828 -0.1313680 -0.1330950 -0.1325490 -0.3532004 2.7675035 2.3482420 2.3384149 2.3380213 2.3313336 2.3411090 -0.3321298 -0.3427365 -0.3490520 -0.3496597 -0.3469510 -0.1362846 -0.3487841 -0.1855791 -0.3436743 -0.3425510 -0.3438458 -0.3416225 -0.3441978 -0.3448946 -0.3418813 -0.3532555 -0.3525315 -0.3507127 -0.1319057 -0.3412864 -0.3333130 -0.3528278 -0.3362883 -0.1832412 -0.3357458 -0.3309110 -0.3359282 -0.3332266 -0.3347315 -0.1322244 -0.3505703 -0.3481990 -0.3360116 -0.3331546 -0.3347580 -0.3451676 -0.3466110 -0.3536175 -0.3528746 -0.1353311 -0.1361121 -0.1358844 -0.1362611 -0.1355133 -0.1351791 -0.3525948 -0.3316914 -0.3322124 -0.3340390 -0.3331178 -0.3335152 -0.3457046 -0.3467026 -0.3497463 2.1408339 2.0204709 -0.3482633 2.3485050 -0.3513942 -0.3518778 -0.3502289 2.3504837 2.3309317 2.3475902 -0.3460488 -0.3506106 -0.3494692 -0.3493364 -0.3507515 -0.3528466 -0.3481573 -0.1317896 1.7807757 2.2647719 -0.3522897 -0.3551517 -0.3532796 -0.3523562 -0.3348671 -0.3353433 -0.3363439 -0.3353375 -0.3522453 -0.3519737 -0.3495885 -0.3302643 -0.3410773 -0.3460013 -0.3337895 -0.3323839 -0.3296128 -0.3483973 -0.3468089 -0.3474943 -0.3457584 -0.3331519 -0.3440821 -0.3515624 -0.3324063 -0.1860112 -0.3331148 -0.3273923 -0.3290259 2.3386497 2.3243272 2.3490212 -0.3397442 -0.3446098 -0.3468207 -0.1845755 -0.3453828 -0.3378256 -0.3383734 -0.3476626 -0.3442405 -0.3322811 -0.3307794 -0.3323444 -0.3334816 -0.3339956 -0.3306159
-0.1349624 -0.1344029 -0.1340464 -0.1352181 -0.1347383 -0.3551714 2.3482420 2.7871485 2.3473239 2.3450086 2.3393662 2.3525033 -0.3336408 -0.3447727 -0.3505594 -0.3485380 -0.3485600 -0.1377770 -0.3489617 -0.1855488 -0.3435807 -0.3437185 -0.3442770 -0.3418254 -0.3453032 -0.3459504 -0.3423619 -0.3539857 -0.3539468 -0.3524756 -0.1345819 -0.3423284 -0.3347170 -0.3521166 -0.3378556 -0.1844560 -0.3371759 -0.3326313 -0.3371220 -0.3348155 -0.3358773 -0.1345259 -0.3524171 -0.3488805 -0.3370337 -0.3353325 -0.3375187 -0.3472708 -0.3487697 -0.3549307 -0.3537065 -0.1371386 -0.1375652 -0.1378320 -0.1380817 -0.1376793 -0.1364807 -0.3531728 -0.3344633 -0.3345655 -0.3366864 -0.3343862 -0.3356935 -0.3468018 -0.3477351 -0.3508245 2.1562009 2.0340748 -0.3504212 2.3539855 -0.3534340 -0.3544307 -0.3517865 2.3601494 2.3373470 2.3651044 -0.3468864 -0.3506357 -0.3500648 -0.3498705 -0.3507270 -0.3526734 -0.3494401 -0.1332605 1.7826147 2.2734733 -0.3527154 -0.3559513 -0.3547381 -0.3525676 -0.3370174 -0.3370785 -0.3376625 -0.3371767 -0.3545710 -0.3524047 -0.3509959 -0.3325263 -0.3422917 -0.3466613 -0.3348794 -0.3332643 -0.3309085 -0.3493401 -0.3478057 -0.3481873 -0.3465128 -0.3352565 -0.3457778 -0.3524650 -0.3335497 -0.1868685 -0.3351334 -0.3290930 -0.3311215 2.3483129 2.3356347 2.3600333 -0.3404449 -0.3464876 -0.3476040 -0.1848062 -0.3469020 -0.3391598 -0.3391705 -0.3491758 -0.3453524 -0.3339542 -0.3322829 -0.3334480 -0.3352608 -0.3358364 -0.3326176
-0.1295984 -0.1290996 -0.1290209 -0.1299265 -0.1302197 -0.3540235 2.3384149 2.3473239 2.7716238 2.3368819 2.3296647 2.3435516 -0.3311582 -0.3429233 -0.3487817 -0.3487704 -0.3479392 -0.1323037 -0.3482735 -0.1868756 -0.3424350 -0.3424669 -0.3430432 -0.3421174 -0.3445010 -0.3449764 -0.3424163 -0.3532791 -0.3525297 -0.3514852 -0.1293617 -0.3415470 -0.3329198 -0.3532330 -0.3361115 -0.1851350 -0.3357009 -0.3315396 -0.3354991 -0.3336276 -0.3343508 -0.1302973 -0.3511118 -0.3477032 -0.3351459 -0.3332973 -0.3354600 -0.3459181 -0.3473474 -0.3531342 -0.3528745 -0.1321480 -0.1328417 -0.1322566 -0.1324478 -0.1319257 -0.1317897 -0.3528632 -0.3323572 -0.3325213 -0.3353021 -0.3321712 -0.3335177 -0.3457701 -0.3463499 -0.3493131 2.1419377 2.0180066 -0.3492169 2.3371861 -0.3521587 -0.3535976 -0.3502233 2.3520646 2.3275938 2.3479989 -0.3453310 -0.3503253 -0.3498658 -0.3492572 -0.3506248 -0.3520087 -0.3484103 -0.1276576 1.7823191 2.2635760 -0.3522218 -0.3559921 -0.3549312 -0.3523957 -0.3345881 -0.3346474 -0.3357592 -0.3352107 -0.3532636 -0.3518248 -0.3490065 -0.3304964 -0.3398842 -0.3447137 -0.3325100 -0.3305354 -0.3288785 -0.3487010 -0.3458393 -0.3473312 -0.3448747 -0.3325362 -0.3439560 -0.3525383 -0.3318114 -0.1868783 -0.3326524 -0.3260897 -0.3284005 2.3340788 2.3308303 2.3439929 -0.3390878 -0.3446909 -0.3464762 -0.1847869 -0.3451521 -0.3375253 -0.3374998 -0.3480574 -0.3435672 -0.3332153 -0.3294224 -0.3312253 -0.3330366 -0.3337724 -0.3303646
-0.1333999 -0.1322981 -0.1326696 -0.1332490 -0.1326166 -0.3529989 2.3380213 2.3450086 2.3368819 2.7654574 2.3312979 2.3411753 -0.3319927 -0.3425854 -0.3488286 -0.3473514 -0.3468130 -0.1356172 -0.3467713 -0.1846038 -0.3424208 -0.3416479 -0.3422004 -0.3403193 -0.3440189 -0.3446148 -0.3425067 -0.3520311 -0.3511377 -0.3507184 -0.1323339 -0.3417157 -0.3323919 -0.3510317 -0.3374312 -0.1842738 -0.3364511 -0.3320572 -0.3361819 -0.3340944 -0.3343181 -0.1317451 -0.3500930 -0.3471069 -0.3358324 -0.3348532 -0.3369192 -0.3453473 -0.3460895 -0.3518548 -0.3516737 -0.1349858 -0.1361654 -0.1351120 -0.1359414 -0.1355066 -0.1352024 -0.3514676 -0.3328628 -0.3335172 -0.3354288 -0.3330764 -0.3346688 -0.3446650 -0.3461990 -0.3485874 2.1453545 2.0184011 -0.3483354 2.3422885 -0.3514237 -0.3523903 -0.3500156 2.3507726 2.3292954 2.3503072 -0.3452422 -0.3499256 -0.3494526 -0.3488430 -0.3505014 -0.3515044 -0.3466241 -0.1304757 1.7823679 2.2626488 -0.3522382 -0.3549057 -0.3538894 -0.3516526 -0.3355692 -0.3356778 -0.3358025 -0.3357545 -0.3529205 -0.3495986 -0.3486743 -0.3318472 -0.3404559 -0.3446153 -0.3337757 -0.3317513 -0.3299246 -0.3479230 -0.3454223 -0.3467724 -0.3455007 -0.3337298 -0.3428154 -0.3517769 -0.3322611 -0.1861554 -0.3339110 -0.3267438 -0.3291380 2.3347843 2.3292906 2.3441446 -0.3376319 -0.3445616 -0.3450876 -0.1847060 -0.3447227 -0.3369223 -0.3370432 -0.3485212 -0.3438794 -0.3340918 -0.3314064 -0.3319794 -0.3332660 -0.3347607 -0.3306070
-0.1275205 -0.1284293 -0.1275740 -0.1282913 -0.1280913 -0.3516937 2.3313336 2.3393662 2.3296647 2.3312979 2.7559409 2.3408635 -0.3313428 -0.3422215 -0.3472254 -0.3472761 -0.3463853 -0.1299477 -0.3464756 -0.1851506 -0.3416575 -0.3409244 -0.3426220 -0.3402321 -0.3433770 -0.3443213 -0.3414907 -0.3513367 -0.3506247 -0.3500378 -0.1280279 -0.3410922 -0.3332134 -0.3511406 -0.3370473 -0.1841784 -0.3356544 -0.3315430 -0.3355300 -0.3342573 -0.3347870 -0.1283358 -0.3497856 -0.3469316 -0.3360907 -0.3344721 -0.3358895 -0.3449871 -0.3467114 -0.3530859 -0.3512014 -0.1302624 -0.1310709 -0.1308333 -0.1310831 -0.1310769 -0.1299512 -0.3513703 -0.3332156 -0.3328419 -0.3350324 -0.3341709 -0.3341071 -0.3456432 -0.3455296 -0.3490416 2.1395543 2.0119617 -0.3483378 2.3290191 -0.3510675 -0.3507818 -0.3489575 2.3471701 2.3232474 2.3430808 -0.3452975 -0.3490000 -0.3489310 -0.3476582 -0.3503540 -0.3518914 -0.3457459 -0.1263368 1.7824808 2.2550917 -0.3503073 -0.3532225 -0.3531391 -0.3515381 -0.3355817 -0.3351984 -0.3365369 -0.3362544 -0.3524706 -0.3508881 -0.3485799 -0.3300693 -0.3393135 -0.3436782 -0.3330790 -0.3322904 -0.3292861 -0.3466552 -0.3451715 -0.3460577 -0.3441160 -0.3334898 -0.3418978 -0.3505017 -0.3317539 -0.1850082 -0.3328474 -0.3266461 -0.3286332 2.3211725 2.3281238 2.3377857 -0.3382573 -0.3437352 -0.3451453 -0.1835358 -0.3444206 -0.3363537 -0.3364342 -0.3478552 -0.3428676 -0.3328684 -0.3309985 -0.3319591 -0.3340463 -0.3345045 -0.3311190
-0.1337695 -0.1328243 -0.1327913 -0.1331003 -0.1319797 -0.3533689 2.3411090 2.3525033 2.3435516 2.3411753 2.3408635 2.7784646 -0.3330909 -0.3438107 -0.3486117 -0.3496003 -0.3481582 -0.1358612 -0.3488007 -0.1859879 -0.3427968 -0.3420536 -0.3432032 -0.3421218 -0.3455055 -0.3443929 -0.3424594 -0.3541445 -0.3525397 -0.3514619 -0.1320227 -0.3416226 -0.3344354 -0.3528580 -0.3373611 -0.1832533 -0.3370228 -0.3317442 -0.3366697 -0.3347665 -0.3357115 -0.1325975 -0.3518553 -0.3485363 -0.3368796 -0.3346511 -0.3361688 -0.3459820 -0.3475994 -0.3542443 -0.3533700 -0.1359286 -0.1361869 -0.1353804 -0.1359644 -0.1354799 -0.1352409 -0.3528523 -0.3335673 -0.3346238 -0.3362978 -0.3340162 -0.3351618 -0.3467463 -0.3468288 -0.3497695 2.1498997 2.0197494 -0.3496788 2.3463802 -0.3528911 -0.3527341 -0.3512049 2.3612101 2.3359134 2.3584082 -0.3467590 -0.3500765 -0.3499551 -0.3495504 -0.3515995 -0.3526092 -0.3484970 -0.1314472 1.7906525 2.2660143 -0.3521609 -0.3552960 -0.3543069 -0.3521726 -0.3364534 -0.3369434 -0.3363527 -0.3364130 -0.3535693 -0.3523491 -0.3492473 -0.3317316 -0.3415343 -0.3463943 -0.3340195 -0.3332294 -0.3299399 -0.3496349 -0.3476276 -0.3470243 -0.3459111 -0.3349487 -0.3436862 -0.3519750 -0.3332299 -0.1861318 -0.3344927 -0.3280414 -0.3302772 2.3384423 2.3409307 2.3483849 -0.3391206 -0.3446045 -0.3469220 -0.1847483 -0.3452493 -0.3381950 -0.3382460 -0.3486491 -0.3448691 -0.3334385 -0.3323650 -0.3332274 -0.3348666 -0.3346751 -0.3316237
-0.2436914 -0.2451521 -0.2432931 -0.2438951 -0.2440343 -0.3120211 -0.3321298 -0.3336408 -0.3311582 -0.3319927 -0.3313428 -0.3330909 1.1651765 -0.3017612 -0.3061752 -0.3052317 -0.3037551 -0.2462143 -0.3059610 -0.1520437 -0.3021472 -0.3010877 -0.3004586 -0.2983693 -0.3025249 -0.3031703 -0.3032276 -0.3093680 -0.3109131 -0.3117733 -0.2442432 -0.2987897 0.8249164 -0.3085926 0.8114130 -0.1501873 0.8106912 0.8199170 0.8081700 0.8237749 0.8290470 -0.2443131 -0.3076367 -0.3058262 0.8106967 0.8057342 0.8151410 -0.2865005 -0.2952230 -0.3113618 -0.3107912 -0.2480477 -0.2465887 -0.2471141 -0.2485056 -0.2470190 -0.2465750 -0.3118414 0.8193260 0.8252981 0.8303262 0.8264273 0.8228602 -0.3047118 -0.3077917 -0.3072076 -0.3260807 -0.3235464 -0.3067136 -0.3320783 -0.3131956 -0.3112624 -0.3085789 -0.3349901 -0.3318945 -0.3330339 -0.3039278 -0.3069744 -0.3076616 -0.3056735 -0.3086030 -0.3061098 -0.3063135 -0.2426677 -0.3181475 -0.3252149 -0.3119111 -0.3130805 -0.3127992 -0.3097005 0.8104588 0.8139607 0.8145840 0.8102604 -0.3114684 -0.3104806 -0.3049207 0.8066355 -0.2991314 -0.3024254 0.8075921 0.8063818 0.8036937 -0.3049012 -0.3045214 -0.3042147 -0.3038975 0.8062115 -0.3023938 -0.3105346 0.8067999 -0.1529447 0.8060572 0.7988552 0.8020713 -0.3299808 -0.3301416 -0.3333150 -0.2980698 -0.3019906 -0.3042840 -0.1515983 -0.3039371 -0.2969554 -0.2974428 -0.3058988 -0.3028595 0.8238019 0.8070832 0.8070627 0.8102782 0.8089942 0.8205888
-0.2754206 -0.2760338 -0.2753501 -0.2764635 -0.2761160 0.3105021 -0.3427365 -0.3447727 -0.3429233 -0.3425854 -0.3422215 -0.3438107 -0.3017612 0.9059713 0.3461446 0.3458002 0.3491826 -0.2771206 0.3218610 0.1120998 0.3130736 0.3110689 0.3111136 0.3093142 0.3132709 0.3157189 0.3123729 0.3069769 0.3059815 0.3049170 -0.2758912 0.3079929 -0.3020556 0.3109719 -0.3048514 0.1120987 -0.3045318 -0.3015861 -0.3041241 -0.3034755 -0.3039020 -0.2758317 0.3047848 0.3027207 -0.3047141 -0.3023826 -0.3031549 0.2890977 0.2975584 0.3059004 0.3066519 -0.2798795 -0.2792034 -0.2794533 -0.2794189 -0.2794802 -0.2782919 0.3070115 -0.3007600 -0.3031699 -0.3037023 -0.3030822 -0.3018240 0.3106704 0.3111074 0.3035553 -0.3378425 -0.3353980 0.3036265 -0.3433517 0.3098175 0.3082384 0.3090696 -0.3440885 -0.3408610 -0.3439611 0.3061182 0.3105904 0.3031427 0.3047393 0.3083732 0.3054515 0.3020975 -0.2743121 -0.3321808 -0.3387830 0.3116334 0.3144878 0.3153112 0.3168779 -0.3041342 -0.3045337 -0.3052103 -0.3053657 0.3150318 0.3117524 0.3020326 -0.3008565 0.3056761 0.3056140 -0.3022727 -0.3026471 -0.3010951 0.3108662 0.3043061 0.3072276 0.3071081 -0.3034332 0.3063696 0.3021145 -0.3028984 0.1120002 -0.3027937 -0.2988323 -0.3005637 -0.3434113 -0.3428749 -0.3439362 0.3040355 0.3016071 0.2966244 0.1100669 0.3047641 0.3078392 0.3113474 0.3136284 0.3186570 -0.3025040 -0.3017989 -0.3026000 -0.3044483 -0.3034847 -0.3002187
-0.2790860 -0.2801796 -0.2797009 -0.2812933 -0.2802180 0.3204310 -0.3490520 -0.3505594 -0.3487817 -0.3488286 -0.3472254 -0.3486117 -0.3061752 0.3461446 0.9121283 0.3603803 0.3630747 -0.2802887 0.3289576 0.1117517 0.3147919 0.3178075 0.3168770 0.3158777 0.3129183 0.3227415 0.3148106 0.3155737 0.3090425 0.3101955 -0.2792390 0.3120376 -0.3054863 0.3139822 -0.3092673 0.1082492 -0.3087706 -0.3068579 -0.3075987 -0.3073899 -0.3078147 -0.2805091 0.3049599 0.3033588 -0.3091478 -0.3075331 -0.3080642 0.2897563 0.2998521 0.3073081 0.3087187 -0.2839703 -0.2836607 -0.2828692 -0.2833109 -0.2827144 -0.2831245 0.3168957 -0.3055330 -0.3060795 -0.3075208 -0.3072104 -0.3063768 0.3116003 0.3199370 0.3068990 -0.3432652 -0.3418258 0.3027207 -0.3494628 0.3187694 0.3103751 0.3172375 -0.3491533 -0.3467917 -0.3489071 0.3104208 0.3161930 0.3099012 0.3113684 0.3125164 0.3144373 0.3064178 -0.2795770 -0.3384971 -0.3442827 0.3124435 0.3181382 0.3206012 0.3180799 -0.3078181 -0.3087179 -0.3091583 -0.3089516 0.3202864 0.3178011 0.3054829 -0.3060468 0.3007800 0.3091691 -0.3065081 -0.3075755 -0.3056795 0.3181260 0.3052893 0.3081535 0.3090975 -0.3070656 0.3133652 0.3112977 -0.3062764 0.1096213 -0.3074284 -0.3036395 -0.3050563 -0.3485769 -0.3472833 -0.3481597 0.3107739 0.3066528 0.3045205 0.1089561 0.3100803 0.3116890 0.3199739 0.3165115 0.3215300 -0.3076388 -0.3056847 -0.3065731 -0.3080018 -0.3076780 -0.3048934
-0.2808974 -0.2814652 -0.2807605 -0.2811863 -0.2814478 0.3227732 -0.3496597 -0.3485380 -0.3487704 -0.3473514 -0.3472761 -0.3496003 -0.3052317 0.3458002 0.3603803 0.9073891 0.3573812 -0.2823672 0.3248847 0.1112145 0.3143651 0.3145743 0.3162996 0.3175374 0.3183362 0.3216189 0.3140719 0.3163261 0.3123929 0.3120632 -0.2818118 0.3179994 -0.3049657 0.3134185 -0.3094019 0.1058336 -0.3084716 -0.3061662 -0.3087890 -0.3074363 -0.3070087 -0.2822417 0.3086660 0.3046946 -0.3085279 -0.3081187 -0.3080980 0.2903880 0.2995307 0.3096454 0.3115052 -0.2847227 -0.2849917 -0.2854513 -0.2850888 -0.2858509 -0.2844092 0.3190864 -0.3055514 -0.3057007 -0.3076864 -0.3055694 -0.3060772 0.3108899 0.3116241 0.3041300 -0.3439032 -0.3417015 0.3093651 -0.3494436 0.3232675 0.3174333 0.3156636 -0.3493653 -0.3465642 -0.3487051 0.3096720 0.3139212 0.3129671 0.3176042 0.3137406 0.3170440 0.3067628 -0.2813060 -0.3398865 -0.3445488 0.3170708 0.3225172 0.3242174 0.3138979 -0.3083728 -0.3088100 -0.3089455 -0.3084978 0.3138283 0.3204962 0.3104088 -0.3067988 0.3069635 0.3055469 -0.3065777 -0.3073340 -0.3054875 0.3142267 0.3048693 0.3128049 0.3115102 -0.3070104 0.3092815 0.3066961 -0.3064245 0.1107388 -0.3070675 -0.3031937 -0.3044367 -0.3476509 -0.3479339 -0.3497041 0.3074143 0.3056803 0.3047136 0.1066748 0.3108484 0.3123008 0.3135317 0.3169566 0.3223453 -0.3072187 -0.3065060 -0.3065457 -0.3074205 -0.3083189 -0.3050928
-0.2786930 -0.2790483 -0.2792189 -0.2799222 -0.2794038 0.3176399 -0.3469510 -0.3485600 -0.3479392 -0.3468130 -0.3463853 -0.3481582 -0.3037551 0.3491826 0.3630747 0.3573812 0.9009932 -0.2803640 0.3256246 0.1100519 0.3137891 0.3156118 0.3146102 0.3095147 0.3173745 0.3210111 0.3127145 0.3126453 0.3062135 0.3047569 -0.2786354 0.3137132 -0.3035102 0.3073479 -0.3070502 0.1075570 -0.3070047 -0.3038922 -0.3063439 -0.3054231 -0.3062393 -0.2799307 0.3061433 0.3083284 -0.3070210 -0.3060649 -0.3060739 0.2917503 0.2977498 0.3072971 0.3092723 -0.2835250 -0.2820880 -0.2826397 -0.2835346 -0.2821512 -0.2824356 0.3114145 -0.3031769 -0.3040681 -0.3057649 -0.3055621 -0.3043384 0.3117446 0.3120849 0.3062496 -0.3430023 -0.3403721 0.3043138 -0.3477138 0.3151419 0.3122925 0.3125281 -0.3479111 -0.3456848 -0.3481556 0.3093743 0.3128552 0.3115765 0.3142607 0.3130371 0.3127422 0.3064639 -0.2787738 -0.3370003 -0.3434817 0.3121077 0.3196376 0.3185965 0.3168049 -0.3059762 -0.3069442 -0.3071662 -0.3067578 0.3175261 0.3146336 0.3055828 -0.3042499 0.2970201 0.3053503 -0.3047833 -0.3054802 -0.3039251 0.3126164 0.3025665 0.3112899 0.3071409 -0.3058788 0.3126130 0.3073303 -0.3049807 0.1102068 -0.3056613 -0.3022810 -0.3026686 -0.3472116 -0.3459198 -0.3482253 0.3073220 0.3012103 0.2996500 0.1078855 0.3099752 0.3102656 0.3161416 0.3157395 0.3238200 -0.3051883 -0.3046481 -0.3043181 -0.3071391 -0.3063754 -0.3026282
1.8360493 1.8418449 1.8362864 1.8434194 1.8422086 -0.2863505 -0.1362846 -0.1377770 -0.1323037 -0.1356172 -0.1299477 -0.1358612 -0.2462143 -0.2771206 -0.2802887 -0.2823672 -0.2803640 2.1774125 -0.2830788 -0.1204306 -0.2729384 -0.2763759 -0.2775711 -0.2747078 -0.2783783 -0.2780260 -0.2768302 -0.2868153 -0.2855644 -0.2856971 1.8354489 -0.2751887 -0.2475920 -0.2872294 -0.2499452 -0.1185384 -0.2493419 -0.2471376 -0.2493879 -0.2479137 -0.2479418 1.8386729 -0.2844198 -0.2815900 -0.2498507 -0.2461262 -0.2484386 -0.2800114 -0.2813587 -0.2851969 -0.2868912 1.9286693 1.9192731 1.9203882 1.9249492 1.9187988 1.9193721 -0.2847178 -0.2460432 -0.2473210 -0.2480736 -0.2482863 -0.2489930 -0.2819498 -0.2814673 -0.2833270 0.0134468 0.1205630 -0.2806480 -0.1374832 -0.2851779 -0.2848013 -0.2796253 -0.1379370 -0.1354605 -0.1389511 -0.2809873 -0.2844862 -0.2829231 -0.2833314 -0.2846345 -0.2842961 -0.2835242 1.8356313 0.3184803 -0.0934385 -0.2849357 -0.2877310 -0.2880358 -0.2847723 -0.2492674 -0.2509359 -0.2497556 -0.2492527 -0.2854631 -0.2856542 -0.2817115 -0.2456719 -0.2769360 -0.2809465 -0.2475156 -0.2472292 -0.2459321 -0.2835656 -0.2807405 -0.2809772 -0.2810318 -0.2471236 -0.2797125 -0.2847182 -0.2482593 -0.1215061 -0.2470056 -0.2439154 -0.2460128 -0.1365449 -0.1337096 -0.1389690 -0.2741502 -0.2797833 -0.2805142 -0.1182493 -0.2795644 -0.2745133 -0.2757794 -0.2835145 -0.2791627 -0.2469655 -0.2468911 -0.2473667 -0.2490350 -0.2486327 -0.2459632
-0.2818828 -0.2823668 -0.2811395 -0.2821034 -0.2822570 0.3251347 -0.3487841 -0.3489617 -0.3482735 -0.3467713 -0.3464756 -0.3488007 -0.3059610 0.3218610 0.3289576 0.3248847 0.3256246 -0.2830788 0.9074423 0.1101388 0.3088171 0.3078085 0.3095427 0.3072107 0.3110165 0.3133641 0.3106286 0.3187946 0.3073180 0.3104626 -0.2814213 0.3114480 -0.3058135 0.3189257 -0.3093325 0.1096249 -0.3084816 -0.3064536 -0.3084373 -0.3073454 -0.3073175 -0.2819603 0.3061005 0.3018574 -0.3083418 -0.3068381 -0.3088788 0.2908254 0.2985681 0.3129227 0.3092625 -0.2859325 -0.2848625 -0.2851888 -0.2847252 -0.2857527 -0.2838545 0.3205834 -0.3057641 -0.3058203 -0.3079358 -0.3067138 -0.3059216 0.3187298 0.3222718 0.3035266 -0.3438655 -0.3415888 0.3059942 -0.3487034 0.3205766 0.3202949 0.3203898 -0.3493345 -0.3468018 -0.3483925 0.3143449 0.3173851 0.3175208 0.3152193 0.3180274 0.3157460 0.3021034 -0.2819194 -0.3387654 -0.3445444 0.3187444 0.3251526 0.3270034 0.3246646 -0.3079450 -0.3092777 -0.3087686 -0.3084836 0.3299806 0.3260657 0.3067837 -0.3067351 0.3027811 0.3053481 -0.3066201 -0.3066744 -0.3050312 0.3218488 0.2999570 0.3142944 0.3082323 -0.3068667 0.3165101 0.3064511 -0.3072223 0.1105285 -0.3071057 -0.3040052 -0.3047520 -0.3476978 -0.3476470 -0.3487801 0.3085238 0.3008236 0.3016454 0.1081728 0.3149423 0.3253184 0.3351225 0.3318625 0.3450131 -0.3064620 -0.3051746 -0.3062248 -0.3072940 -0.3077793 -0.3050885
-0.1176981 -0.1180921 -0.1176887 -0.1180102 -0.1193950 0.1048284 -0.1855791 -0.1855488 -0.1868756 -0.1846038 -0.1851506 -0.1859879 -0.1520437 0.1120998 0.1117517 0.1112145 0.1100519 -0.1204306 0.1101388 0.9335669 0.1138964 0.1133690 0.1196225 0.1166496 0.1125937 0.1151622 0.1146719 0.1074906 0.1066285 0.1053664 -0.1184768 0.1171391 -0.1521138 0.1074056 -0.1560110 0.6217037 -0.1559704 -0.1525143 -0.1542240 -0.1530990 -0.1528046 -0.1189860 0.1093701 0.1105924 -0.1567871 -0.1539360 -0.1559064 0.1036510 0.1074256 0.1063095 0.1076290 -0.1222160 -0.1211694 -0.1224670 -0.1217891 -0.1216724 -0.1209941 0.1088970 -0.1525090 -0.1531814 -0.1543884 -0.1529074 -0.1529733 0.1077727 0.1060545 0.1086401 -0.1810046 -0.1807854 0.1102286 -0.1861365 0.1056745 0.1020767 0.1039298 -0.1857801 -0.1838022 -0.1865513 0.1094677 0.1032793 0.1056010 0.1061615 0.1041437 0.1072321 0.1098732 -0.1190331 -0.1763914 -0.1826202 0.1059366 0.1067730 0.1053040 0.1074713 -0.1546310 -0.1549447 -0.1555296 -0.1547903 0.1058431 0.1108607 0.1037700 -0.1541903 0.1106065 0.1084701 -0.1534768 -0.1544413 -0.1537980 0.1070657 0.1094064 0.1100015 0.1036105 -0.1542427 0.1089329 0.1082688 -0.1524090 0.6297532 -0.1532281 -0.1509757 -0.1520557 -0.1846737 -0.1860805 -0.1855940 0.1199680 0.1078057 0.1068734 0.6267596 0.1075844 0.1105770 0.1093147 0.1089728 0.1102285 -0.1544284 -0.1538893 -0.1530366 -0.1549236 -0.1547108 -0.1514445
-0.2718005 -0.2716899 -0.2722441 -0.2721506 -0.2729394 0.3032845 -0.3436743 -0.3435807 -0.3424350 -0.3424208 -0.3416575 -0.3427968 -0.3021472 0.3130736 0.3147919 0.3143651 0.3137891 -0.2729384 0.3088171 0.1138964 0.9015629 0.3471131 0.3506698 0.3477521 0.3522321 0.3464479 0.3483588 0.3056929 0.3041984 0.3072749 -0.2716909 0.3393710 -0.3022430 0.3072128 -0.3059255 0.1122922 -0.3051068 -0.3027673 -0.3051872 -0.3040883 -0.3044984 -0.2729953 0.3027288 0.3028368 -0.3049129 -0.3038622 -0.3047538 0.2940653 0.2955123 0.3031122 0.3075979 -0.2764829 -0.2745540 -0.2753746 -0.2751615 -0.2746885 -0.2748690 0.3031325 -0.3019819 -0.3034584 -0.3040943 -0.3036377 -0.3022311 0.2976336 0.3020287 0.2990832 -0.3371382 -0.3358620 0.3015495 -0.3424215 0.3103077 0.3084762 0.3025623 -0.3434138 -0.3407882 -0.3441198 0.3031476 0.2999725 0.3045842 0.3004695 0.3028671 0.3027720 0.3024057 -0.2722686 -0.3325879 -0.3382917 0.3057280 0.3055883 0.3028958 0.3039026 -0.3052059 -0.3062392 -0.3051947 -0.3068622 0.3059492 0.3033613 0.3039527 -0.3022548 0.2968862 0.2985279 -0.3027548 -0.3027241 -0.3015757 0.3043694 0.3010265 0.3071764 0.3021517 -0.3033890 0.3016509 0.3069687 -0.3033592 0.1147733 -0.3040804 -0.3007731 -0.3006769 -0.3428115 -0.3418765 -0.3429581 0.3005042 0.3007825 0.2994174 0.1130092 0.2993948 0.3006100 0.3024592 0.3021071 0.3086718 -0.3029257 -0.3017756 -0.3023053 -0.3042344 -0.3041986 -0.3016177
-0.2744807 -0.2752625 -0.2742132 -0.2751512 -0.2755440 0.3072869 -0.3425510 -0.3437185 -0.3424669 -0.3416479 -0.3409244 -0.3420536 -0.3010877 0.3110689 0.3178075 0.3145743 0.3156118 -0.2763759 0.3078085 0.1133690 0.3471131 0.8970314 0.3476775 0.3413026 0.3467946 0.3469898 0.3448723 0.3059768 0.3051406 0.3089875 -0.2745212 0.3273853 -0.3014370 0.3045129 -0.3038984 0.1134184 -0.3040201 -0.3008774 -0.3029921 -0.3020907 -0.3024680 -0.2762947 0.3063415 0.3036710 -0.3026675 -0.3017520 -0.3030874 0.2924508 0.2979352 0.3090812 0.3045888 -0.2793107 -0.2782608 -0.2780071 -0.2779392 -0.2787894 -0.2787681 0.3034025 -0.3006635 -0.3012204 -0.3029387 -0.3016947 -0.3013033 0.2998054 0.3054322 0.3042543 -0.3376747 -0.3362042 0.3044117 -0.3429805 0.3056405 0.3037216 0.3003255 -0.3430552 -0.3411126 -0.3432124 0.3004199 0.3021027 0.3043334 0.3037402 0.3044392 0.3030542 0.3042938 -0.2760987 -0.3333882 -0.3381735 0.3055389 0.3055836 0.3064415 0.2993905 -0.3041098 -0.3041591 -0.3040079 -0.3041530 0.3048725 0.3041154 0.3031515 -0.3008447 0.3007664 0.2996568 -0.3011742 -0.3008516 -0.2999603 0.3024732 0.3013003 0.3011279 0.3021729 -0.3013837 0.3007114 0.3092551 -0.3010897 0.1162641 -0.3009625 -0.2980199 -0.2988550 -0.3421357 -0.3412566 -0.3427673 0.3024895 0.3025411 0.3022012 0.1147469 0.3008543 0.2997394 0.3029693 0.3067913 0.3074749 -0.3016047 -0.3003478 -0.3005204 -0.3030764 -0.3020798 -0.2999511
-0.2759929 -0.2765661 -0.2758829 -0.2759968 -0.2768504 0.3058854 -0.3438458 -0.3442770 -0.3430432 -0.3422004 -0.3426220 -0.3432032 -0.3004586 0.3111136 0.3168770 0.3162996 0.3146102 -0.2775711 0.3095427 0.1196225 0.3506698 0.3476775 0.9040173 0.3495110 0.3422360 0.3479576 0.3480210 0.3063246 0.3019447 0.3079762 -0.2761014 0.3318523 -0.2996844 0.3061832 -0.3040577 0.1167466 -0.3042191 -0.3010994 -0.3033893 -0.3013415 -0.3021444 -0.2771723 0.3065668 0.3088184 -0.3030977 -0.3023623 -0.3037108 0.2901743 0.2986832 0.3066993 0.3067004 -0.2804343 -0.2787397 -0.2800252 -0.2790011 -0.2799651 -0.2793362 0.3046059 -0.3015565 -0.3014120 -0.3022331 -0.3015710 -0.3018349 0.2980234 0.3001414 0.3031153 -0.3378734 -0.3366458 0.3024147 -0.3433042 0.3095704 0.3055500 0.3021899 -0.3442876 -0.3414651 -0.3436525 0.3011013 0.3012715 0.3023331 0.3005324 0.3026451 0.2980092 0.3046719 -0.2759522 -0.3347631 -0.3391530 0.3024869 0.3082064 0.3040690 0.3022247 -0.3033432 -0.3047588 -0.3044093 -0.3034663 0.3017243 0.3050417 0.3033104 -0.3005875 0.3008628 0.2993957 -0.3013789 -0.3015454 -0.3000392 0.3024841 0.3025458 0.3017370 0.3028278 -0.3016638 0.3016183 0.3078657 -0.3012991 0.1191510 -0.3017294 -0.2984341 -0.2994377 -0.3417203 -0.3427584 -0.3439063 0.3005601 0.3030835 0.3027086 0.1192507 0.2999866 0.2999452 0.3031147 0.3045063 0.3065960 -0.3023506 -0.2998497 -0.3010379 -0.3024525 -0.3035396 -0.2989977
-0.2729643 -0.2733081 -0.2736759 -0.2735741 -0.2732321 0.3022718 -0.3416225 -0.3418254 -0.3421174 -0.3403193 -0.3402321 -0.3421218 -0.2983693 0.3093142 0.3158777 0.3175374 0.3095147 -0.2747078 0.3072107 0.1166496 0.3477521 0.3413026 0.3495110 0.8963797 0.3431849 0.3441623 0.3392235 0.3028002 0.3023558 0.3027807 -0.2724025 0.3314499 -0.2985492 0.3028707 -0.3023755 0.1141009 -0.3019269 -0.2995026 -0.3010187 -0.3004826 -0.3012304 -0.2744958 0.3028824 0.3044120 -0.3014801 -0.3006779 -0.3020262 0.2870091 0.2955044 0.3031645 0.3032879 -0.2769993 -0.2768462 -0.2767002 -0.2767092 -0.2758958 -0.2763249 0.3026619 -0.2993079 -0.2992118 -0.3006918 -0.2993426 -0.2995484 0.2991245 0.3021040 0.2979928 -0.3361957 -0.3350007 0.2987488 -0.3423834 0.3077362 0.3040718 0.3011628 -0.3423836 -0.3402466 -0.3421237 0.3032883 0.2999032 0.3018898 0.2996312 0.3017345 0.3053289 0.3023880 -0.2740449 -0.3326027 -0.3368334 0.3051643 0.3057340 0.3048857 0.3039218 -0.3019674 -0.3023560 -0.3022877 -0.3029318 0.3040568 0.3030920 0.2983965 -0.2992784 0.2971687 0.2955302 -0.2989539 -0.2995977 -0.2984472 0.3026639 0.3010022 0.3014709 0.3037246 -0.3002115 0.2997045 0.3017648 -0.2989039 0.1179822 -0.3004008 -0.2967029 -0.2973991 -0.3414632 -0.3405550 -0.3425565 0.3016400 0.2987295 0.2998997 0.1170968 0.2985664 0.2987505 0.3040128 0.3002198 0.3077412 -0.3003024 -0.2983934 -0.2989971 -0.3004925 -0.3008832 -0.2976712
-0.2765616 -0.2778145 -0.2773169 -0.2771124 -0.2774456 0.3080315 -0.3441978 -0.3453032 -0.3445010 -0.3440189 -0.3433770 -0.3455055 -0.3025249 0.3132709 0.3129183 0.3183362 0.3173745 -0.2783783 0.3110165 0.1125937 0.3522321 0.3467946 0.3422360 0.3431849 0.9071226 0.3496495 0.3503648 0.3061246 0.3059326 0.3082937 -0.2773728 0.3394139 -0.3020971 0.3100736 -0.3059461 0.1091691 -0.3053672 -0.3022885 -0.3035617 -0.3034956 -0.3039591 -0.2779652 0.3043721 0.3059910 -0.3049152 -0.3033680 -0.3046754 0.2908281 0.3038394 0.3064393 0.3113248 -0.2821374 -0.2799747 -0.2808713 -0.2800529 -0.2806263 -0.2792739 0.3041880 -0.3021102 -0.3027751 -0.3042736 -0.3029150 -0.3022752 0.3023052 0.3017159 0.3073462 -0.3393165 -0.3379931 0.3044161 -0.3447551 0.3053707 0.3067108 0.3043104 -0.3455349 -0.3431591 -0.3452894 0.3056338 0.3012645 0.3051060 0.3021366 0.3089580 0.3068916 0.3087531 -0.2777397 -0.3347964 -0.3405770 0.3082271 0.3091883 0.3072971 0.3047202 -0.3047231 -0.3057204 -0.3053146 -0.3058705 0.3040622 0.3078201 0.3074250 -0.3027278 0.3018462 0.3028155 -0.3025174 -0.3024775 -0.3019171 0.3078931 0.3029960 0.3046926 0.3046250 -0.3030955 0.3040465 0.3112583 -0.3029792 0.1131319 -0.3027792 -0.3000987 -0.3012560 -0.3446900 -0.3429058 -0.3449540 0.3030914 0.3017282 0.3009041 0.1118263 0.3013646 0.3015942 0.3005908 0.3070259 0.3102023 -0.3028374 -0.3014441 -0.3017268 -0.3031794 -0.3038105 -0.3009159
-0.2757843 -0.2759703 -0.2757776 -0.2765736 -0.2764390 0.3073772 -0.3448946 -0.3459504 -0.3449764 -0.3446148 -0.3443213 -0.3443929 -0.3031703 0.3157189 0.3227415 0.3216189 0.3210111 -0.2780260 0.3133641 0.1151622 0.3464479 0.3469898 0.3479576 0.3441623 0.3496495 0.9046152 0.3463759 0.3056840 0.3086902 0.3073651 -0.2756689 0.3349327 -0.3038591 0.3062439 -0.3061062 0.1130524 -0.3058154 -0.3027668 -0.3049959 -0.3045449 -0.3042636 -0.2764402 0.3049792 0.3042526 -0.3045481 -0.3035239 -0.3048208 0.2924110 0.2967353 0.3084782 0.3074555 -0.2803130 -0.2789251 -0.2796749 -0.2794136 -0.2791711 -0.2791361 0.3053853 -0.3025121 -0.3031464 -0.3041974 -0.3035522 -0.3030785 0.3062442 0.3028775 0.3045268 -0.3395671 -0.3383900 0.3024931 -0.3450932 0.3092699 0.3091387 0.3059862 -0.3454725 -0.3425494 -0.3460192 0.3034484 0.3046116 0.3016090 0.3002975 0.3100713 0.3040494 0.3064912 -0.2761207 -0.3354222 -0.3405935 0.3071514 0.3108408 0.3059741 0.3082334 -0.3054665 -0.3061726 -0.3060002 -0.3059861 0.3100804 0.3056045 0.3057246 -0.3031349 0.2986163 0.2999191 -0.3038442 -0.3037631 -0.3024246 0.3048425 0.3042594 0.3041173 0.3027069 -0.3036644 0.3034064 0.3075609 -0.3046045 0.1164283 -0.3040765 -0.3012591 -0.3014344 -0.3449462 -0.3445762 -0.3461099 0.3034670 0.3050671 0.3031327 0.1125867 0.3041332 0.3030544 0.3051299 0.3044672 0.3098967 -0.3034612 -0.3028749 -0.3034210 -0.3049141 -0.3045079 -0.3023995
-0.2733004 -0.2751180 -0.2741917 -0.2747608 -0.2742688 0.3061736 -0.3418813 -0.3423619 -0.3424163 -0.3425067 -0.3414907 -0.3424594 -0.3032276 0.3123729 0.3148106 0.3140719 0.3127145 -0.2768302 0.3106286 0.1146719 0.3483588 0.3448723 0.3480210 0.3392235 0.3503648 0.3463759 0.8987738 0.3102915 0.3039876 0.3098187 -0.2743542 0.3340887 -0.3027960 0.3072508 -0.3056638 0.1135721 -0.3052720 -0.3020657 -0.3046679 -0.3039358 -0.3044159 -0.2749619 0.3055923 0.3023401 -0.3044994 -0.3035595 -0.3049806 0.2896999 0.2988220 0.3036571 0.3083533 -0.2794243 -0.2778473 -0.2789766 -0.2782030 -0.2775959 -0.2777588 0.3083974 -0.3026727 -0.3030777 -0.3040243 -0.3039430 -0.3024485 0.2992389 0.3033148 0.3059849 -0.3378686 -0.3359250 0.3048488 -0.3430296 0.3109088 0.3077174 0.3054379 -0.3433121 -0.3407754 -0.3437666 0.3036863 0.3015051 0.3024873 0.3043458 0.3058587 0.3030948 0.3027114 -0.2750868 -0.3333221 -0.3385105 0.3092490 0.3087922 0.3016006 0.3009782 -0.3049239 -0.3057033 -0.3058009 -0.3062635 0.3041428 0.3084808 0.3063266 -0.3023682 0.2995700 0.3010607 -0.3028783 -0.3033466 -0.3019195 0.3038554 0.3010409 0.3038701 0.3033104 -0.3033181 0.2996411 0.3090150 -0.3035876 0.1169530 -0.3040175 -0.3002526 -0.3011107 -0.3421931 -0.3412479 -0.3428940 0.3022071 0.3035112 0.3022494 0.1134060 0.3008142 0.2990092 0.3018196 0.3023372 0.3098429 -0.3028164 -0.3024575 -0.3030459 -0.3039672 -0.3044131 -0.3010959
-0.2844672 -0.2847388 -0.2849985 -0.2849856 -0.2846106 0.3425298 -0.3532555 -0.3539857 -0.3532791 -0.3520311 -0.3513367 -0.3541445 -0.3093680 0.3069769 0.3155737 0.3163261 0.3126453 -0.2868153 0.3187946 0.1074906 0.3056929 0.3059768 0.3063246 0.3028002 0.3061246 0.3056840 0.3102915 0.9038166 0.3282759 0.3221437 -0.2850329 0.3057183 -0.3087586 0.3355507 -0.3128579 0.1057438 -0.3121637 -0.3092659 -0.3122143 -0.3112919 -0.3109346 -0.2855218 0.3201387 0.3161239 -0.3118493 -0.3116001 -0.3118358 0.3033435 0.3119453 0.3252394 0.3241438 -0.2895616 -0.2882325 -0.2885791 -0.2885424 -0.2881713 -0.2892109 0.3381009 -0.3093652 -0.3101199 -0.3112831 -0.3099187 -0.3098450 0.3262596 0.3251313 0.3211265 -0.3480481 -0.3468693 0.3101487 -0.3535757 0.3341236 0.3325331 0.3322728 -0.3534980 -0.3523770 -0.3534458 0.3209665 0.3240077 0.3281087 0.3305303 0.3309064 0.3283311 0.3165312 -0.2859374 -0.3440605 -0.3485773 0.3297527 0.3364394 0.3308657 0.3268201 -0.3118919 -0.3128231 -0.3136884 -0.3129203 0.3310891 0.3307899 0.3176829 -0.3105632 0.3080325 0.3118101 -0.3099965 -0.3108818 -0.3092332 0.3234350 0.3140137 0.3234832 0.3167542 -0.3114627 0.3192452 0.3175438 -0.3096983 0.1069984 -0.3112324 -0.3074059 -0.3083836 -0.3523748 -0.3525942 -0.3540004 0.3109193 0.3111362 0.3129555 0.1053998 0.3218505 0.3112765 0.3093079 0.3248727 0.3157838 -0.3107800 -0.3088158 -0.3103701 -0.3114155 -0.3124855 -0.3093092
