0.9831737 -0.1539603 -0.1503749 -0.1495641 -0.1511078 0.0072737 0.0105600 -0.0144733 -0.0157366 -0.0174213 -0.0162284 -0.0135422 -0.0155612 -0.0130914 0.0188817 0.0165449 0.0180493 -0.0008904 -0.0048754 0.0024123 0.0047728 -0.0056520 -0.0016507 0.0010845 -0.0066137 -0.0005378 -0.0158252 -0.0059460 -0.0054962 -0.0100365 -0.0072077 -0.0077752 -0.0108919 -0.0075532 -0.0080382 0.0131029 0.0247353 0.0157186 -0.0024659 -0.0039558 -0.0019489 -0.0017487 0.0155107 0.0148327 0.0115120 0.0099844 0.0051012 0.0052008 -0.0066880 0.0001217 -0.0083808 -0.0073890 -0.0108391 -0.0102238 0.0014852 0.0029632 0.0024482 0.0021794 -0.0005532 0.0019052 -0.0010792 0.0006524 -0.0060346 -0.0094355 -0.0033564 -0.0025605
-0.1539603 2.4182861 1.9186841 1.9103196 1.9175861 -0.1527706 -0.1455946 -0.1038756 -0.1037020 -0.1038944 -0.1015339 -0.1078627 -0.1077655 -0.1045493 -0.1511983 -0.1514376 -0.1556288 -0.1345973 -0.1368493 -0.1473953 -0.1610368 -0.1394552 -0.1467907 -0.1481405 -0.1412871 -0.1484706 -0.1503162 -0.1441517 -0.1337966 -0.1338179 -0.1394271 -0.0944832 -0.1435568 -0.1364352 -0.1407773 -0.1554700 -0.1539379 -0.1534874 -0.1370870 -0.1387917 -0.1393729 -0.1449820 -0.1530823 -0.1497535 -0.1509989 -0.1502115 -0.1535011 -0.1557006 -0.1401676 -0.1446505 -0.0874312 -0.1154601 -0.1390401 -0.1208531 -0.1537164 -0.1517461 -0.1390262 -0.1161352 -0.1135436 -0.1320513 -0.1284342 -0.1200519 -0.1127813 -0.1253114 -0.1235838 -0.1238127
-0.1503749 1.9186841 2.4335561 1.9141680 1.9191467 -0.1560666 -0.1516767 -0.1042348 -0.1043721 -0.1038515 -0.1011149 -0.1074970 -0.1074967 -0.1041141 -0.1472972 -0.1507413 -0.1533657 -0.1373190 -0.1389118 -0.1439842 -0.1578018 -0.1423437 -0.1457648 -0.1464594 -0.1436246 -0.1509334 -0.1558584 -0.1474226 -0.1362515 -0.1365647 -0.1396216 -0.0940106 -0.1462685 -0.1375301 -0.1419149 -0.1557115 -0.1546526 -0.1532869 -0.1378260 -0.1393250 -0.1405401 -0.1463039 -0.1512914 -0.1504753 -0.1508209 -0.1511028 -0.1520389 -0.1544862 -0.1390667 -0.1394210 -0.0830031 -0.1144181 -0.1411371 -0.1215755 -0.1534396 -0.1500893 -0.1385640 -0.1160877 -0.1124743 -0.1304058 -0.1265456 -0.1168747 -0.1099133 -0.1275241 -0.1225226 -0.1203402
-0.1495641 1.9103196 1.9141680 2.4316373 1.9221010 -0.1563309 -0.1512539 -0.1040393 -0.1037058 -0.1035951 -0.1006726 -0.1072562 -0.1066778 -0.1037071 -0.1468345 -0.1499358 -0.1539265 -0.1371782 -0.1387547 -0.1441905 -0.1581459 -0.1420455 -0.1461960 -0.1465119 -0.1427693 -0.1509059 -0.1555185 -0.1471237 -0.1356885 -0.1364925 -0.1389003 -0.0935209 -0.1460810 -0.1373884 -0.1408253 -0.1553578 -0.1542112 -0.1528624 -0.1372272 -0.1397218 -0.1403434 -0.1452072 -0.1519623 -0.1500859 -0.1502996 -0.1507404 -0.1517359 -0.1549267 -0.1387529 -0.1402345 -0.0832771 -0.1147280 -0.1403048 -0.1214247 -0.1528940 -0.1499456 -0.1384494 -0.1155031 -0.1117146 -0.1298925 -0.1266958 -0.1163949 -0.1091839 -0.1267319 -0.1224476 -0.1208090
-0.1511078 1.9175861 1.9191467 1.9221010 2.4448407 -0.1570549 -0.1509960 -0.1028421 -0.1028678 -0.1027522 -0.1000658 -0.1062141 -0.1067511 -0.1034008 -0.1474742 -0.1503216 -0.1543474 -0.1362057 -0.1380486 -0.1454439 -0.1591121 -0.1412380 -0.1467590 -0.1475644 -0.1418190 -0.1501569 -0.1560854 -0.1457698 -0.1349577 -0.1357338 -0.1389241 -0.0930545 -0.1453392 -0.1369287 -0.1407932 -0.1558755 -0.1545089 -0.1525812 -0.1368287 -0.1391896 -0.1394861 -0.1456242 -0.1519017 -0.1492977 -0.1499731 -0.1510973 -0.1524433 -0.1549888 -0.1385747 -0.1405173 -0.0823483 -0.1144854 -0.1400608 -0.1203727 -0.1528943 -0.1505752 -0.1379554 -0.1149676 -0.1111585 -0.1289311 -0.1273449 -0.1161597 -0.1095873 -0.1264336 -0.1225512 -0.1211555
0.0072737 -0.1527706 -0.1560666 -0.1563309 -0.1570549 0.9747020 0.0136500 -0.0182844 -0.0159009 -0.0173728 -0.0175781 -0.0161795 -0.0169770 -0.0176786 0.0049095 0.0084737 0.0068694 0.0070581 0.0082746 0.0025886 0.0113929 0.0069478 0.0092518 0.0071880 -0.0049972 0.0036977 0.0011683 0.0009380 -0.0063701 -0.0041448 -0.0039537 -0.0061939 -0.0055873 -0.0070141 -0.0062835 0.0074374 0.0083844 0.0143742 0.0057865 0.0062862 0.0048635 0.0065593 0.0112645 0.0102542 0.0071774 0.0062597 0.0009525 -0.0037176 -0.0094724 -0.0083954 -0.0170255 -0.0106296 -0.0064556 -0.0091267 -0.0028504 -0.0036646 0.0046624 -0.0039081 -0.0038930 0.0028255 -0.0033028 -0.0086897 -0.0114429 -0.0084708 -0.0096141 -0.0107613
0.0105600 -0.1455946 -0.1516767 -0.1512539 -0.1509960 0.0136500 0.9610581 -0.0151360 -0.0158451 -0.0149752 -0.0136813 -0.0177234 -0.0146284 -0.0155033 0.0089099 0.0102181 0.0052548 0.0034163 0.0035644 -0.0078867 -0.0093655 0.0076256 -0.0045117 -0.0097440 -0.0007696 0.0106371 0.0030496 0.0127927 0.0024332 0.0024168 -0.0072702 -0.0090984 0.0003555 -0.0002321 -0.0054903 0.0160856 0.0148534 0.0156851 -0.0015222 -0.0009346 -0.0025968 0.0005279 0.0114777 0.0157217 0.0122772 0.0142578 0.0013292 -0.0009244 -0.0087412 -0.0115724 -0.0174398 -0.0051655 -0.0056282 -0.0048351 -0.0013485 -0.0019319 -0.0018787 0.0005878 -0.0005311 -0.0058487 -0.0066954 -0.0084507 -0.0143837 -0.0078115 -0.0097084 -0.0130568
-0.0144733 -0.1038756 -0.1042348 -0.1040393 -0.1028421 -0.0182844 -0.0151360 0.9792216 0.0610989 0.0596580 0.0604950 0.0567267 0.0547673 0.0544686 -0.0145678 -0.0156489 -0.0160927 -0.0079539 -0.0112605 -0.0136157 -0.0197414 -0.0133436 -0.0154854 -0.0184114 -0.0127850 -0.0103178 -0.0155577 -0.0107576 -0.0067998 -0.0130034 -0.0164344 -0.0042218 -0.0167066 -0.0101021 -0.0122471 -0.0115545 -0.0115489 -0.0122737 -0.0127469 -0.0129424 -0.0116713 -0.0136166 -0.0124799 -0.0127902 -0.0118771 -0.0155888 -0.0151194 -0.0164668 -0.0133878 -0.0171481 0.0406052 -0.0136986 -0.0152598 -0.0143108 -0.0156999 -0.0155565 -0.0118604 -0.0030341 -0.0018438 -0.0112413 -0.0068631 -0.0015082 0.0069503 0.0050157 0.0032085 0.0049869
-0.0157366 -0.1037020 -0.1043721 -0.1037058 -0.1028678 -0.0159009 -0.0158451 0.0610989 0.9752043 0.0597622 0.0588954 0.0557734 0.0538331 0.0568241 -0.0163816 -0.0159150 -0.0175775 -0.0076301 -0.0110208 -0.0170471 -0.0179409 -0.0122177 -0.0168539 -0.0159940 -0.0113607 -0.0081353 -0.0117407 -0.0096930 -0.0063474 -0.0082330 -0.0129670 -0.0046530 -0.0137686 -0.0069124 -0.0092148 -0.0149697 -0.0156221 -0.0145489 -0.0133790 -0.0119350 -0.0118416 -0.0144566 -0.0149156 -0.0121543 -0.0158595 -0.0150024 -0.0173329 -0.0168113 -0.0113161 -0.0133236 0.0342918 -0.0132777 -0.0115172 -0.0108046 -0.0157134 -0.0139055 -0.0107193 -0.0015027 -0.0008941 -0.0109004 -0.0080714 -0.0005663 0.0051901 0.0058261 0.0031453 0.0034013
-0.0174213 -0.1038944 -0.1038515 -0.1035951 -0.1027522 -0.0173728 -0.0149752 0.0596580 0.0597622 0.9788470 0.0611439 0.0536293 0.0563988 0.0631609 -0.0160261 -0.0139234 -0.0161685 -0.0096627 -0.0105694 -0.0174003 -0.0215861 -0.0133326 -0.0172523 -0.0192718 -0.0099966 -0.0090093 -0.0132132 -0.0110089 -0.0065414 -0.0100383 -0.0139789 -0.0038701 -0.0138556 -0.0088992 -0.0089526 -0.0118821 -0.0132823 -0.0137275 -0.0129914 -0.0134072 -0.0138365 -0.0147305 -0.0140352 -0.0133135 -0.0159927 -0.0147510 -0.0163041 -0.0160809 -0.0098506 -0.0154065 0.0353839 -0.0154948 -0.0122551 -0.0117450 -0.0171165 -0.0148906 -0.0125196 -0.0022179 -0.0011059 -0.0106393 -0.0072392 -0.0047519 0.0050621 0.0051371 0.0067354 0.0028148
-0.0162284 -0.1015339 -0.1011149 -0.1006726 -0.1000658 -0.0175781 -0.0136813 0.0604950 0.0588954 0.0611439 0.9733906 0.0541398 0.0507816 0.0501407 -0.0150938 -0.0136633 -0.0164531 -0.0099213 -0.0095369 -0.0146954 -0.0207500 -0.0100734 -0.0157862 -0.0170509 -0.0092564 -0.0072950 -0.0147990 -0.0112673 -0.0067058 -0.0101746 -0.0132443 -0.0022945 -0.0166806 -0.0098861 -0.0114721 -0.0105164 -0.0161181 -0.0118640 -0.0106675 -0.0125341 -0.0108119 -0.0154462 -0.0140545 -0.0127214 -0.0125360 -0.0129903 -0.0169956 -0.0184732 -0.0126771 -0.0150033 0.0379032 -0.0139454 -0.0125983 -0.0121539 -0.0153996 -0.0158491 -0.0094953 -0.0003135 -0.0012090 -0.0110913 -0.0056113 -0.0006820 0.0048016 0.0062519 0.0048732 0.0032832
-0.0135422 -0.1078627 -0.1074970 -0.1072562 -0.1062141 -0.0161795 -0.0177234 0.0567267 0.0557734 0.0536293 0.0541398 0.9780993 0.0535445 0.0516844 -0.0118753 -0.0141048 -0.0144817 -0.0104567 -0.0108148 -0.0126672 -0.0167312 -0.0124361 -0.0163190 -0.0182013 -0.0112927 -0.0096764 -0.0130174 -0.0120943 -0.0061540 -0.0082295 -0.0117178 -0.0021645 -0.0128355 -0.0098030 -0.0094181 -0.0135155 -0.0131131 -0.0130707 -0.0120254 -0.0126325 -0.0120838 -0.0155782 -0.0130373 -0.0126789 -0.0122995 -0.0129203 -0.0157174 -0.0161857 -0.0109071 -0.0135026 0.0403687 -0.0127815 -0.0129973 -0.0116420 -0.0149464 -0.0150696 -0.0111158 -0.0025629 -0.0016754 -0.0075579 -0.0059006 -0.0021722 0.0056047 0.0002935 0.0022890 0.0031892
-0.0155612 -0.1077655 -0.1074967 -0.1066778 -0.1067511 -0.0169770 -0.0146284 0.0547673 0.0538331 0.0563988 0.0507816 0.0535445 0.9806424 0.0507169 -0.0124894 -0.0155478 -0.0145875 -0.0113359 -0.0125379 -0.0146190 -0.0202877 -0.0132147 -0.0131870 -0.0173120 -0.0121292 -0.0094104 -0.0147987 -0.0129005 -0.0086720 -0.0099832 -0.0129222 -0.0033846 -0.0138766 -0.0090162 -0.0117305 -0.0117851 -0.0134396 -0.0135195 -0.0143438 -0.0137230 -0.0113340 -0.0131752 -0.0144839 -0.0146131 -0.0129812 -0.0153641 -0.0167639 -0.0150632 -0.0107873 -0.0151710 0.0374987 -0.0154107 -0.0118920 -0.0123031 -0.0146229 -0.0124153 -0.0109798 -0.0027840 -0.0016916 -0.0090018 -0.0034593 -0.0015570 0.0060828 0.0058910 0.0070550 0.0081063
-0.0130914 -0.1045493 -0.1041141 -0.1037071 -0.1034008 -0.0176786 -0.0155033 0.0544686 0.0568241 0.0631609 0.0501407 0.0516844 0.0507169 0.9814848 -0.0129759 -0.0135936 -0.0154281 -0.0118148 -0.0128293 -0.0169668 -0.0209482 -0.0148163 -0.0137230 -0.0175630 -0.0108613 -0.0074814 -0.0143990 -0.0114046 -0.0083127 -0.0100084 -0.0122344 -0.0026771 -0.0130389 -0.0090538 -0.0102481 -0.0127441 -0.0142709 -0.0128125 -0.0135905 -0.0120160 -0.0138686 -0.0168362 -0.0150781 -0.0130462 -0.0122262 -0.0134154 -0.0150112 -0.0147267 -0.0104464 -0.0138687 0.0374887 -0.0150694 -0.0131148 -0.0113450 -0.0165803 -0.0124208 -0.0122318 -0.0025775 -0.0027265 -0.0131873 -0.0055545 -0.0017163 0.0045653 0.0028279 0.0042779 0.0034874
0.0188817 -0.1511983 -0.1472972 -0.1468345 -0.1474742 0.0049095 0.0089099 -0.0145678 -0.0163816 -0.0160261 -0.0150938 -0.0118753 -0.0124894 -0.0129759 0.9803197 0.0175747 0.0154868 -0.0026751 -0.0022554 0.0024520 0.0013031 -0.0020900 0.0008298 -0.0005977 -0.0063401 -0.0000465 -0.0093355 -0.0033874 -0.0063670 -0.0112646 -0.0102683 -0.0060782 -0.0108439 -0.0043680 -0.0072395 0.0149555 0.0149787 0.0100787 -0.0047806 -0.0052283 -0.0036564 -0.0016336 0.0185163 0.0104945 0.0133799 0.0132316 0.0038926 0.0027912 -0.0076181 0.0013602 -0.0075431 -0.0108044 -0.0116759 -0.0097572 0.0020488 0.0029628 0.0015562 -0.0028506 0.0011045 0.0009114 -0.0043323 0.0013608 -0.0046036 -0.0109036 -0.0064393 -0.0054040
0.0165449 -0.1514376 -0.1507413 -0.1499358 -0.1503216 0.0084737 0.0102181 -0.0156489 -0.0159150 -0.0139234 -0.0136633 -0.0141048 -0.0155478 -0.0135936 0.0175747 0.9597571 0.0129232 -0.0012215 -0.0031089 0.0009639 -0.0007879 0.0007357 -0.0007268 -0.0028937 -0.0017034 0.0066733 -0.0086882 -0.0008461 -0.0012076 -0.0070726 -0.0070431 -0.0061660 -0.0093186 -0.0053303 -0.0050167 0.0167472 0.0209403 0.0200920 -0.0021436 -0.0018574 -0.0031651 -0.0013981 0.0162941 0.0137553 0.0162007 0.0165467 0.0061246 0.0001577 -0.0053266 -0.0018118 -0.0118730 -0.0081630 -0.0077257 -0.0088815 0.0010204 0.0008966 0.0021626 -0.0005283 -0.0021389 -0.0026041 -0.0028663 -0.0014526 -0.0085708 -0.0085253 -0.0047152 -0.0101153
0.0180493 -0.1556288 -0.1533657 -0.1539265 -0.1543474 0.0068694 0.0052548 -0.0160927 -0.0175775 -0.0161685 -0.0164531 -0.0144817 -0.0145875 -0.0154281 0.0154868 0.0129232 0.9635846 0.0014823 0.0034914 0.0067712 0.0107070 0.0020711 0.0083514 0.0086583 -0.0056454 -0.0007660 -0.0106761 -0.0042323 -0.0064525 -0.0096919 -0.0089373 -0.0054440 -0.0034310 -0.0060479 -0.0075813 0.0126683 0.0112177 0.0142158 0.0044820 0.0077720 0.0055067 0.0061373 0.0104315 0.0104573 0.0131161 0.0078251 -0.0000793 -0.0004598 -0.0067007 -0.0055692 -0.0119405 -0.0067583 -0.0050230 -0.0074825 0.0029073 -0.0018258 0.0068733 -0.0011755 -0.0023040 0.0026067 -0.0026279 -0.0003464 -0.0089794 -0.0059466 -0.0061161 -0.0073715
-0.0008904 -0.1345973 -0.1373190 -0.1371782 -0.1362057 0.0070581 0.0034163 -0.0079539 -0.0076301 -0.0096627 -0.0099213 -0.0104567 -0.0113359 -0.0118148 -0.0026751 -0.0012215 0.0014823 0.9357757 0.0241561 0.0114074 0.0128640 0.0184076 0.0133677 0.0097606 -0.0055861 0.0045357 -0.0051074 0.0022618 0.0013756 -0.0005856 -0.0051233 0.0085744 -0.0034731 -0.0014902 -0.0062633 -0.0024026 0.0018163 -0.0006887 0.0154263 0.0140767 0.0142092 0.0194799 0.0015612 0.0060479 0.0036687 0.0079737 -0.0100229 -0.0065795 -0.0083321 -0.0116051 -0.0124995 -0.0075832 -0.0074038 -0.0064426 -0.0084025 -0.0054762 0.0166232 0.0038665 -0.0027090 0.0094038 -0.0032678 -0.0024071 -0.0073866 -0.0037897 -0.0057405 -0.0075373
-0.0048754 -0.1368493 -0.1389118 -0.1387547 -0.1380486 0.0082746 0.0035644 -0.0112605 -0.0110208 -0.0105694 -0.0095369 -0.0108148 -0.0125379 -0.0128293 -0.0022554 -0.0031089 0.0034914 0.0241561 0.9342035 0.0119843 0.0213086 0.0184910 0.0177561 0.0176772 -0.0027732 0.0042347 -0.0068610 0.0021771 0.0002226 -0.0019089 -0.0045159 0.0078611 -0.0000240 -0.0017511 -0.0043660 -0.0027062 -0.0011807 0.0055844 0.0163509 0.0194846 0.0210032 0.0212491 0.0025854 0.0026993 0.0088533 0.0036509 -0.0046115 -0.0048149 -0.0086328 -0.0115076 -0.0129817 -0.0089582 -0.0032306 -0.0057565 -0.0052969 -0.0078086 0.0182643 0.0061440 0.0041529 0.0113638 0.0041302 -0.0020380 -0.0039783 -0.0008798 -0.0060282 -0.0057684
0.0024123 -0.1473953 -0.1439842 -0.1441905 -0.1454439 0.0025886 -0.0078867 -0.0136157 -0.0170471 -0.0174003 -0.0146954 -0.0126672 -0.0146190 -0.0169668 0.0024520 0.0009639 0.0067712 0.0114074 0.0119843 0.9726266 0.0284562 0.0112072 0.0164635 0.0219730 -0.0096920 -0.0059327 -0.0131451 -0.0103070 -0.0084594 -0.0104666 -0.0104521 0.0013653 -0.0094425 -0.0086674 -0.0105963 -0.0057595 -0.0042358 -0.0004725 0.0151376 0.0138655 0.0151583 0.0173063 -0.0015171 -0.0036651 -0.0023103 -0.0017459 -0.0063830 -0.0035120 -0.0084944 -0.0045358 -0.0093808 -0.0110131 -0.0136016 -0.0141277 -0.0054266 -0.0057253 0.0141581 0.0009592 0.0011529 0.0147369 0.0068245 -0.0015804 -0.0001369 -0.0033260 -0.0053575 0.0017705
0.0047728 -0.1610368 -0.1578018 -0.1581459 -0.1591121 0.0113929 -0.0093655 -0.0197414 -0.0179409 -0.0215861 -0.0207500 -0.0167312 -0.0202877 -0.0209482 0.0013031 -0.0007879 0.0107070 0.0128640 0.0213086 0.0284562 1.0359224 0.0092933 0.0265998 0.0335784 -0.0115248 -0.0079486 -0.0179927 -0.0082874 -0.0096947 -0.0130050 -0.0127214 0.0009162 -0.0135266 -0.0114360 -0.0145015 -0.0033461 -0.0021799 0.0043880 0.0132222 0.0191767 0.0199162 0.0204757 0.0008888 -0.0004332 0.0005120 -0.0030292 -0.0023686 -0.0075249 -0.0091218 -0.0034312 -0.0103316 -0.0162487 -0.0168398 -0.0171321 -0.0039709 -0.0067417 0.0201477 -0.0002694 -0.0031253 0.0136273 0.0078202 -0.0027164 -0.0054785 -0.0093519 -0.0073725 -0.0024297
-0.0056520 -0.1394552 -0.1423437 -0.1420455 -0.1412380 0.0069478 0.0076256 -0.0133436 -0.0122177 -0.0133326 -0.0100734 -0.0124361 -0.0132147 -0.0148163 -0.0020900 0.0007357 0.0020711 0.0184076 0.0184910 0.0112072 0.0092933 0.9335613 0.0092091 0.0215907 -0.0053150 0.0053268 -0.0061115 0.0012260 0.0001847 0.0015767 -0.0081942 0.0046180 -0.0034296 -0.0040153 -0.0069732 0.0005619 0.0030414 0.0022033 0.0137748 0.0210444 0.0205880 0.0180788 -0.0011102 0.0019481 0.0048831 0.0027594 -0.0044191 -0.0061137 -0.0084767 -0.0128913 -0.0152817 -0.0078006 -0.0034956 -0.0077457 -0.0064028 -0.0062288 0.0117326 0.0064318 0.0039377 0.0099605 0.0029931 0.0013945 -0.0034729 0.0010192 -0.0057485 -0.0073037
-0.0016507 -0.1467907 -0.1457648 -0.1461960 -0.1467590 0.0092518 -0.0045117 -0.0154854 -0.0168539 -0.0172523 -0.0157862 -0.0163190 -0.0131870 -0.0137230 0.0008298 -0.0007268 0.0083514 0.0133677 0.0177561 0.0164635 0.0265998 0.0092091 0.9704615 0.0229768 -0.0094278 -0.0055096 -0.0115735 -0.0056704 -0.0073193 -0.0100412 -0.0080164 0.0024391 -0.0070857 -0.0088003 -0.0098629 -0.0028312 -0.0016028 -0.0034511 0.0145644 0.0139114 0.0166973 0.0159033 -0.0025028 0.0001266 0.0020344 -0.0008158 -0.0062265 -0.0049611 -0.0119184 -0.0066259 -0.0133946 -0.0133601 -0.0113814 -0.0108523 -0.0036433 -0.0054238 0.0171854 0.0001129 -0.0024911 0.0078901 0.0052623 -0.0015277 -0.0085013 -0.0083043 -0.0061969 -0.0085443
0.0010845 -0.1481405 -0.1464594 -0.1465119 -0.1475644 0.0071880 -0.0097440 -0.0184114 -0.0159940 -0.0192718 -0.0170509 -0.0182013 -0.0173120 -0.0175630 -0.0005977 -0.0028937 0.0086583 0.0097606 0.0176772 0.0219730 0.0335784 0.0215907 0.0229768 0.9818341 -0.0115601 -0.0076444 -0.0163249 -0.0092060 -0.0100985 -0.0119223 -0.0117331 0.0046513 -0.0130744 -0.0111838 -0.0098892 -0.0053384 -0.0057767 -0.0001944 0.0207671 0.0186177 0.0292554 0.0199973 -0.0045848 -0.0000840 0.0026494 -0.0035455 -0.0105355 -0.0104925 -0.0110615 -0.0124803 -0.0156400 -0.0153106 -0.0130598 -0.0155746 -0.0060538 -0.0107540 0.0177888 0.0029680 0.0017515 0.0104835 0.0079891 0.0015116 -0.0047261 -0.0022283 -0.0067774 -0.0014070
-0.0066137 -0.1412871 -0.1436246 -0.1427693 -0.1418190 -0.0049972 -0.0007696 -0.0127850 -0.0113607 -0.0099966 -0.0092564 -0.0112927 -0.0121292 -0.0108613 -0.0063401 -0.0017034 -0.0056454 -0.0055861 -0.0027732 -0.0096920 -0.0115248 -0.0053150 -0.0094278 -0.0115601 0.9398994 0.0203606 0.0257003 0.0196781 0.0226169 0.0247423 0.0237430 -0.0068578 0.0258272 0.0230812 0.0249137 0.0004172 -0.0025078 -0.0034070 -0.0026229 -0.0051442 -0.0065257 -0.0081819 -0.0036200 -0.0013887 -0.0007017 -0.0003408 0.0116777 0.0129448 0.0225494 0.0163960 -0.0113515 0.0187122 0.0234839 0.0255424 0.0158366 0.0115246 -0.0056699 -0.0067510 -0.0084548 -0.0071431 -0.0164779 -0.0142770 -0.0110153 -0.0137953 -0.0132563 -0.0162873
-0.0005378 -0.1484706 -0.1509334 -0.1509059 -0.1501569 0.0036977 0.0106371 -0.0103178 -0.0081353 -0.0090093 -0.0072950 -0.0096764 -0.0094104 -0.0074814 -0.0000465 0.0066733 -0.0007660 0.0045357 0.0042347 -0.0059327 -0.0079486 0.0053268 -0.0055096 -0.0076444 0.0203606 0.9449539 0.0123302 0.0302177 0.0197430 0.0138738 0.0077845 -0.0060507 0.0102320 0.0128058 0.0126062 0.0037449 0.0056757 0.0024832 0.0015061 -0.0001364 -0.0018707 -0.0035657 0.0047122 0.0070485 0.0022164 0.0050613 0.0175638 0.0176784 0.0057382 0.0033843 -0.0110843 0.0065210 0.0076090 0.0091423 0.0169986 0.0171218 0.0011976 -0.0017744 -0.0038314 -0.0039258 -0.0093461 -0.0101571 -0.0077456 -0.0067009 -0.0071207 -0.0109012
-0.0158252 -0.1503162 -0.1558584 -0.1555185 -0.1560854 0.0011683 0.0030496 -0.0155577 -0.0117407 -0.0132132 -0.0147990 -0.0130174 -0.0147987 -0.0143990 -0.0093355 -0.0086882 -0.0106761 -0.0051074 -0.0068610 -0.0131451 -0.0179927 -0.0061115 -0.0115735 -0.0163249 0.0257003 0.0123302 0.9825429 0.0138423 0.0219465 0.0233742 0.0262024 -0.0091626 0.0332454 0.0267819 0.0266685 -0.0044681 -0.0038244 -0.0092751 -0.0084766 -0.0081706 -0.0083794 -0.0085632 -0.0042814 -0.0052825 -0.0056099 -0.0028375 0.0061810 0.0109830 0.0216210 0.0212096 -0.0193813 0.0204171 0.0280417 0.0251530 0.0128173 0.0125448 -0.0085555 -0.0121202 -0.0149559 -0.0143244 -0.0199509 -0.0213657 -0.0191731 -0.0158455 -0.0201933 -0.0233268
-0.0059460 -0.1441517 -0.1474226 -0.1471237 -0.1457698 0.0009380 0.0127927 -0.0107576 -0.0096930 -0.0110089 -0.0112673 -0.0120943 -0.0129005 -0.0114046 -0.0033874 -0.0008461 -0.0042323 0.0022618 0.0021771 -0.0103070 -0.0082874 0.0012260 -0.0056704 -0.0092060 0.0196781 0.0302177 0.0138423 0.9367925 0.0182246 0.0171736 0.0113016 -0.0081348 0.0160034 0.0159341 0.0143346 0.0017561 -0.0008923 -0.0023713 0.0011674 0.0007430 -0.0021505 -0.0054237 0.0031834 0.0023814 0.0038730 0.0016558 0.0180042 0.0194250 0.0104923 0.0056987 -0.0133284 0.0113969 0.0113274 0.0129254 0.0196312 0.0178608 -0.0025351 -0.0056882 -0.0052445 -0.0076939 -0.0156301 -0.0128139 -0.0125068 -0.0109397 -0.0133932 -0.0172738
-0.0054962 -0.1337966 -0.1362515 -0.1356885 -0.1349577 -0.0063701 0.0024332 -0.0067998 -0.0063474 -0.0065414 -0.0067058 -0.0061540 -0.0086720 -0.0083127 -0.0063670 -0.0012076 -0.0064525 0.0013756 0.0002226 -0.0084594 -0.0096947 0.0001847 -0.0073193 -0.0100985 0.0226169 0.0197430 0.0219465 0.0182246 0.9462759 0.0231366 0.0154567 -0.0027621 0.0197531 0.0188705 0.0195733 0.0004278 0.0003238 -0.0032852 0.0008373 -0.0018531 -0.0032212 -0.0052397 -0.0017814 0.0002453 -0.0001745 0.0005261 0.0083823 0.0073214 0.0144943 0.0111251 -0.0092392 0.0141116 0.0166085 0.0209735 0.0091872 0.0085680 -0.0010694 -0.0034218 -0.0071221 -0.0056523 -0.0120576 -0.0104208 -0.0056493 -0.0080323 -0.0093710 -0.0134860
-0.0100365 -0.1338179 -0.1365647 -0.1364925 -0.1357338 -0.0041448 0.0024168 -0.0130034 -0.0082330 -0.0100383 -0.0101746 -0.0082295 -0.0099832 -0.0100084 -0.0112646 -0.0070726 -0.0096919 -0.0005856 -0.0019089 -0.0104666 -0.0130050 0.0015767 -0.0100412 -0.0119223 0.0247423 0.0138738 0.0233742 0.0171736 0.0231366 0.9373506 0.0188926 -0.0062407 0.0273249 0.0227218 0.0246596 -0.0042453 -0.0040005 -0.0041988 -0.0033730 -0.0009090 -0.0065550 -0.0055358 -0.0037001 0.0004375 -0.0036255 -0.0022918 0.0062561 0.0094786 0.0218501 0.0147477 -0.0104723 0.0177771 0.0241128 0.0217088 0.0101277 0.0064021 -0.0052801 -0.0052876 -0.0067844 -0.0066778 -0.0127552 -0.0125932 -0.0085826 -0.0057716 -0.0114176 -0.0138044
-0.0072077 -0.1394271 -0.1396216 -0.1389003 -0.1389241 -0.0039537 -0.0072702 -0.0164344 -0.0129670 -0.0139789 -0.0132443 -0.0117178 -0.0129222 -0.0122344 -0.0102683 -0.0070431 -0.0089373 -0.0051233 -0.0045159 -0.0104521 -0.0127214 -0.0081942 -0.0080164 -0.0117331 0.0237430 0.0077845 0.0262024 0.0113016 0.0154567 0.0188926 0.9572446 -0.0058390 0.0272451 0.0227989 0.0209339 -0.0043647 -0.0059271 -0.0023501 -0.0032707 -0.0043794 -0.0076597 -0.0119022 -0.0039661 -0.0035915 -0.0024370 -0.0030125 0.0105507 0.0089743 0.0226295 0.0223913 -0.0130514 0.0201809 0.0233203 0.0223387 0.0085424 0.0092614 -0.0060986 -0.0079880 -0.0079258 -0.0075280 -0.0161245 -0.0130715 -0.0130734 -0.0141741 -0.0123025 -0.0132602
-0.0077752 -0.0944832 -0.0940106 -0.0935209 -0.0930545 -0.0061939 -0.0090984 -0.0042218 -0.0046530 -0.0038701 -0.0022945 -0.0021645 -0.0033846 -0.0026771 -0.0060782 -0.0061660 -0.0054440 0.0085744 0.0078611 0.0013653 0.0009162 0.0046180 0.0024391 0.0046513 -0.0068578 -0.0060507 -0.0091626 -0.0081348 -0.0027621 -0.0062407 -0.0058390 0.9522771 -0.0075075 -0.0053929 -0.0053110 -0.0084766 -0.0060023 -0.0063677 0.0038418 0.0035647 0.0057796 0.0037153 -0.0061891 -0.0049970 -0.0012255 -0.0053738 -0.0100503 -0.0116366 -0.0085209 -0.0082747 -0.0016313 -0.0068667 -0.0052445 -0.0059420 -0.0101520 -0.0101171 0.0060089 0.0016212 -0.0001147 0.0047423 -0.0005345 -0.0033671 0.0014324 0.0014251 0.0009439 0.0009408
-0.0108919 -0.1435568 -0.1462685 -0.1460810 -0.1453392 -0.0055873 0.0003555 -0.0167066 -0.0137686 -0.0138556 -0.0166806 -0.0128355 -0.0138766 -0.0130389 -0.0108439 -0.0093186 -0.0034310 -0.0034731 -0.0000240 -0.0094425 -0.0135266 -0.0034296 -0.0070857 -0.0130744 0.0258272 0.0102320 0.0332454 0.0160034 0.0197531 0.0273249 0.0272451 -0.0075075 0.9491946 0.0269447 0.0274248 -0.0073256 -0.0051272 -0.0074019 -0.0049898 -0.0067914 -0.0060563 -0.0071617 -0.0093435 -0.0055495 -0.0037307 -0.0021240 0.0101846 0.0142766 0.0264085 0.0152301 -0.0166450 0.0262745 0.0266352 0.0220311 0.0101551 0.0108136 -0.0053823 -0.0102020 -0.0105260 -0.0096174 -0.0180899 -0.0156697 -0.0146860 -0.0124610 -0.0196616 -0.0186794
-0.0075532 -0.1364352 -0.1375301 -0.1373884 -0.1369287 -0.0070141 -0.0002321 -0.0101021 -0.0069124 -0.0088992 -0.0098861 -0.0098030 -0.0090162 -0.0090538 -0.0043680 -0.0053303 -0.0060479 -0.0014902 -0.0017511 -0.0086674 -0.0114360 -0.0040153 -0.0088003 -0.0111838 0.0230812 0.0128058 0.0267819 0.0159341 0.0188705 0.0227218 0.0227989 -0.0053929 0.0269447 0.9390975 0.0270309 -0.0025781 -0.0040968 -0.0065613 -0.0017883 -0.0054173 -0.0064268 -0.0070578 -0.0050489 -0.0021264 -0.0040254 0.0005665 0.0103842 0.0132013 0.0241571 0.0176704 -0.0131891 0.0204631 0.0213072 0.0224111 0.0082848 0.0119697 -0.0016383 -0.0047669 -0.0065408 -0.0071383 -0.0168259 -0.0132166 -0.0095273 -0.0095139 -0.0135762 -0.0145088
-0.0080382 -0.1407773 -0.1419149 -0.1408253 -0.1407932 -0.0062835 -0.0054903 -0.0122471 -0.0092148 -0.0089526 -0.0114721 -0.0094181 -0.0117305 -0.0102481 -0.0072395 -0.0050167 -0.0075813 -0.0062633 -0.0043660 -0.0105963 -0.0145015 -0.0069732 -0.0098629 -0.0098892 0.0249137 0.0126062 0.0266685 0.0143346 0.0195733 0.0246596 0.0209339 -0.0053110 0.0274248 0.0270309 0.9441544 -0.0055877 -0.0035928 -0.0049151 -0.0023637 -0.0055157 -0.0057809 -0.0073525 -0.0042854 -0.0039137 -0.0061551 -0.0025812 0.0133986 0.0133009 0.0286300 0.0226771 -0.0103375 0.0215314 0.0332332 0.0250141 0.0112966 0.0098183 -0.0049354 -0.0061737 -0.0105200 -0.0096208 -0.0180279 -0.0158658 -0.0115779 -0.0146392 -0.0143817 -0.0152065
0.0131029 -0.1554700 -0.1557115 -0.1553578 -0.1558755 0.0074374 0.0160856 -0.0115545 -0.0149697 -0.0118821 -0.0105164 -0.0135155 -0.0117851 -0.0127441 0.0149555 0.0167472 0.0126683 -0.0024026 -0.0027062 -0.0057595 -0.0033461 0.0005619 -0.0028312 -0.0053384 0.0004172 0.0037449 -0.0044681 0.0017561 0.0004278 -0.0042453 -0.0043647 -0.0084766 -0.0073256 -0.0025781 -0.0055877 0.9618379 0.0192999 0.0206671 -0.0025602 -0.0008664 -0.0032131 -0.0030071 0.0170289 0.0192129 0.0097881 0.0127775 0.0008388 0.0022429 -0.0047182 -0.0070521 -0.0106345 -0.0065392 -0.0068648 -0.0058061 -0.0027791 0.0029288 0.0012955 -0.0031947 -0.0012483 -0.0030287 -0.0035694 -0.0020366 -0.0080222 -0.0080020 -0.0058389 -0.0077318
0.0247353 -0.1539379 -0.1546526 -0.1542112 -0.1545089 0.0083844 0.0148534 -0.0115489 -0.0156221 -0.0132823 -0.0161181 -0.0131131 -0.0134396 -0.0142709 0.0149787 0.0209403 0.0112177 0.0018163 -0.0011807 -0.0042358 -0.0021799 0.0030414 -0.0016028 -0.0057767 -0.0025078 0.0056757 -0.0038244 -0.0008923 0.0003238 -0.0040005 -0.0059271 -0.0060023 -0.0051272 -0.0040968 -0.0035928 0.0192999 0.9536918 0.0126762 0.0005969 -0.0027721 0.0007810 0.0033907 0.0235739 0.0190331 0.0147456 0.0152626 0.0060134 0.0010651 -0.0075550 -0.0054342 -0.0135224 -0.0056266 -0.0086593 -0.0101159 -0.0030946 0.0004073 0.0016375 0.0022088 -0.0025912 -0.0028070 -0.0056266 0.0006478 -0.0097312 -0.0095769 -0.0060290 -0.0098921
0.0157186 -0.1534874 -0.1532869 -0.1528624 -0.1525812 0.0143742 0.0156851 -0.0122737 -0.0145489 -0.0137275 -0.0118640 -0.0130707 -0.0135195 -0.0128125 0.0100787 0.0200920 0.0142158 -0.0006887 0.0055844 -0.0004725 0.0043880 0.0022033 -0.0034511 -0.0001944 -0.0034070 0.0024832 -0.0092751 -0.0023713 -0.0032852 -0.0041988 -0.0023501 -0.0063677 -0.0074019 -0.0065613 -0.0049151 0.0206671 0.0126762 0.9483418 0.0000068 0.0024552 0.0030788 0.0047067 0.0196612 0.0171333 0.0233606 0.0200554 0.0002408 0.0011502 -0.0066631 -0.0051549 -0.0120863 -0.0091120 -0.0044612 -0.0088311 -0.0011276 -0.0026943 0.0018662 -0.0000860 0.0019437 0.0009048 0.0011668 -0.0006356 -0.0055294 -0.0040880 -0.0039754 -0.0061329
-0.0024659 -0.1370870 -0.1378260 -0.1372272 -0.1368287 0.0057865 -0.0015222 -0.0127469 -0.0133790 -0.0129914 -0.0106675 -0.0120254 -0.0143438 -0.0135905 -0.0047806 -0.0021436 0.0044820 0.0154263 0.0163509 0.0151376 0.0132222 0.0137748 0.0145644 0.0207671 -0.0026229 0.0015061 -0.0084766 0.0011674 0.0008373 -0.0033730 -0.0032707 0.0038418 -0.0049898 -0.0017883 -0.0023637 -0.0025602 0.0005969 0.0000068 0.9452965 0.0186981 0.0162307 0.0200146 -0.0023982 -0.0006059 0.0031858 0.0041025 -0.0072864 -0.0026663 -0.0080368 -0.0080009 -0.0127375 -0.0078240 -0.0047489 -0.0066816 -0.0069510 -0.0078054 0.0184160 0.0023287 -0.0022061 0.0081878 -0.0013949 -0.0037871 -0.0059058 -0.0067087 -0.0070135 -0.0068882
-0.0039558 -0.1387917 -0.1393250 -0.1397218 -0.1391896 0.0062862 -0.0009346 -0.0129424 -0.0119350 -0.0134072 -0.0125341 -0.0126325 -0.0137230 -0.0120160 -0.0052283 -0.0018574 0.0077720 0.0140767 0.0194846 0.0138655 0.0191767 0.0210444 0.0139114 0.0186177 -0.0051442 -0.0001364 -0.0081706 0.0007430 -0.0018531 -0.0009090 -0.0043794 0.0035647 -0.0067914 -0.0054173 -0.0055157 -0.0008664 -0.0027721 0.0024552 0.0186981 0.9425654 0.0189851 0.0198375 -0.0038356 -0.0026837 0.0050209 -0.0017296 -0.0039985 -0.0081150 -0.0102919 -0.0110894 -0.0130853 -0.0073877 -0.0081792 -0.0083522 -0.0058839 -0.0073330 0.0159005 0.0043710 0.0047515 0.0113881 0.0071441 0.0002619 -0.0026777 0.0039345 -0.0054828 -0.0066660
-0.0019489 -0.1393729 -0.1405401 -0.1403434 -0.1394861 0.0048635 -0.0025968 -0.0116713 -0.0118416 -0.0138365 -0.0108119 -0.0120838 -0.0113340 -0.0138686 -0.0036564 -0.0031651 0.0055067 0.0142092 0.0210032 0.0151583 0.0199162 0.0205880 0.0166973 0.0292554 -0.0065257 -0.0018707 -0.0083794 -0.0021505 -0.0032212 -0.0065550 -0.0076597 0.0057796 -0.0060563 -0.0064268 -0.0057809 -0.0032131 0.0007810 0.0030788 0.0162307 0.0189851 0.9472992 0.0199425 -0.0007298 0.0021460 0.0053872 0.0022369 -0.0030994 -0.0078925 -0.0095578 -0.0102122 -0.0102813 -0.0109702 -0.0065483 -0.0094458 -0.0039766 -0.0072464 0.0177192 0.0054871 0.0021124 0.0120473 0.0040011 0.0015628 -0.0006924 -0.0020863 -0.0072170 -0.0057828
-0.0017487 -0.1449820 -0.1463039 -0.1452072 -0.1456242 0.0065593 0.0005279 -0.0136166 -0.0144566 -0.0147305 -0.0154462 -0.0155782 -0.0131752 -0.0168362 -0.0016336 -0.0013981 0.0061373 0.0194799 0.0212491 0.0173063 0.0204757 0.0180788 0.0159033 0.0199973 -0.0081819 -0.0035657 -0.0085632 -0.0054237 -0.0052397 -0.0055358 -0.0119022 0.0037153 -0.0071617 -0.0070578 -0.0073525 -0.0030071 0.0033907 0.0047067 0.0200146 0.0198375 0.0199425 0.9469942 0.0040496 0.0010489 0.0031562 -0.0001823 -0.0054387 -0.0053510 -0.0098289 -0.0143672 -0.0151593 -0.0086667 -0.0076909 -0.0137110 -0.0067818 -0.0085554 0.0172292 0.0039271 0.0013956 0.0116347 0.0029542 -0.0017910 -0.0045146 -0.0001261 -0.0034796 -0.0037317
0.0155107 -0.1530823 -0.1512914 -0.1519623 -0.1519017 0.0112645 0.0114777 -0.0124799 -0.0149156 -0.0140352 -0.0140545 -0.0130373 -0.0144839 -0.0150781 0.0185163 0.0162941 0.0104315 0.0015612 0.0025854 -0.0015171 0.0008888 -0.0011102 -0.0025028 -0.0045848 -0.0036200 0.0047122 -0.0042814 0.0031834 -0.0017814 -0.0037001 -0.0039661 -0.0061891 -0.0093435 -0.0050489 -0.0042854 0.0170289 0.0235739 0.0196612 -0.0023982 -0.0038356 -0.0007298 0.0040496 0.9586312 0.0211830 0.0144516 0.0193698 0.0067616 0.0060277 -0.0054644 -0.0014788 -0.0087381 -0.0074793 -0.0067546 -0.0065996 0.0044954 0.0036680 0.0025962 0.0005626 -0.0022881 -0.0016444 -0.0049275 -0.0014832 -0.0071740 -0.0095008 -0.0054118 -0.0068179
0.0148327 -0.1497535 -0.1504753 -0.1500859 -0.1492977 0.0102542 0.0157217 -0.0127902 -0.0121543 -0.0133135 -0.0127214 -0.0126789 -0.0146131 -0.0130462 0.0104945 0.0137553 0.0104573 0.0060479 0.0026993 -0.0036651 -0.0004332 0.0019481 0.0001266 -0.0000840 -0.0013887 0.0070485 -0.0052825 0.0023814 0.0002453 0.0004375 -0.0035915 -0.0049970 -0.0055495 -0.0021264 -0.0039137 0.0192129 0.0190331 0.0171333 -0.0006059 -0.0026837 0.0021460 0.0010489 0.0211830 0.9411208 0.0120035 0.0164686 0.0033414 0.0031996 -0.0080440 -0.0070842 -0.0109556 -0.0109230 -0.0063597 -0.0084759 0.0030926 0.0021516 0.0044589 0.0012573 -0.0001454 -0.0022168 -0.0030651 -0.0021960 -0.0059771 -0.0034252 -0.0012807 -0.0056616
0.0115120 -0.1509989 -0.1508209 -0.1502996 -0.1499731 0.0071774 0.0122772 -0.0118771 -0.0158595 -0.0159927 -0.0125360 -0.0122995 -0.0129812 -0.0122262 0.0133799 0.0162007 0.0131161 0.0036687 0.0088533 -0.0023103 0.0005120 0.0048831 0.0020344 0.0026494 -0.0007017 0.0022164 -0.0056099 0.0038730 -0.0001745 -0.0036255 -0.0024370 -0.0012255 -0.0037307 -0.0040254 -0.0061551 0.0097881 0.0147456 0.0233606 0.0031858 0.0050209 0.0053872 0.0031562 0.0144516 0.0120035 0.9459580 0.0146557 0.0015747 0.0005074 -0.0060585 -0.0040309 -0.0135147 -0.0071346 -0.0057098 -0.0053031 -0.0011216 -0.0033985 0.0058368 0.0002528 0.0003308 -0.0004860 -0.0009357 -0.0014088 -0.0075303 -0.0082408 -0.0087431 -0.0102991
0.0099844 -0.1502115 -0.1511028 -0.1507404 -0.1510973 0.0062597 0.0142578 -0.0155888 -0.0150024 -0.0147510 -0.0129903 -0.0129203 -0.0153641 -0.0134154 0.0132316 0.0165467 0.0078251 0.0079737 0.0036509 -0.0017459 -0.0030292 0.0027594 -0.0008158 -0.0035455 -0.0003408 0.0050613 -0.0028375 0.0016558 0.0005261 -0.0022918 -0.0030125 -0.0053738 -0.0021240 0.0005665 -0.0025812 0.0127775 0.0152626 0.0200554 0.0041025 -0.0017296 0.0022369 -0.0001823 0.0193698 0.0164686 0.0146557 0.9447123 0.0046465 0.0046168 -0.0042882 -0.0070595 -0.0148792 -0.0030274 -0.0059029 -0.0036864 -0.0004003 0.0033574 0.0036943 0.0005708 -0.0017667 -0.0025916 -0.0037362 -0.0028487 -0.0081602 -0.0079778 -0.0044997 -0.0099424
0.0051012 -0.1535011 -0.1520389 -0.1517359 -0.1524433 0.0009525 0.0013292 -0.0151194 -0.0173329 -0.0163041 -0.0169956 -0.0157174 -0.0167639 -0.0150112 0.0038926 0.0061246 -0.0000793 -0.0100229 -0.0046115 -0.0063830 -0.0023686 -0.0044191 -0.0062265 -0.0105355 0.0116777 0.0175638 0.0061810 0.0180042 0.0083823 0.0062561 0.0105507 -0.0100503 0.0101846 0.0103842 0.0133986 0.0008388 0.0060134 0.0002408 -0.0072864 -0.0039985 -0.0030994 -0.0054387 0.0067616 0.0033414 0.0015747 0.0046465 0.9638928 0.0241074 0.0102678 0.0105901 -0.0117730 0.0095971 0.0108161 0.0051141 0.0262956 0.0225627 -0.0033798 -0.0077959 -0.0079413 -0.0075767 -0.0147008 -0.0115003 -0.0115820 -0.0179983 -0.0118811 -0.0140199
0.0052008 -0.1557006 -0.1544862 -0.1549267 -0.1549888 -0.0037176 -0.0009244 -0.0164668 -0.0168113 -0.0160809 -0.0184732 -0.0161857 -0.0150632 -0.0147267 0.0027912 0.0001577 -0.0004598 -0.0065795 -0.0048149 -0.0035120 -0.0075249 -0.0061137 -0.0049611 -0.0104925 0.0129448 0.0176784 0.0109830 0.0194250 0.0073214 0.0094786 0.0089743 -0.0116366 0.0142766 0.0132013 0.0133009 0.0022429 0.0010651 0.0011502 -0.0026663 -0.0081150 -0.0078925 -0.0053510 0.0060277 0.0031996 0.0005074 0.0046168 0.0241074 0.9698652 0.0129916 0.0118788 -0.0132178 0.0081662 0.0094074 0.0067372 0.0270650 0.0234964 -0.0014017 -0.0091998 -0.0092625 -0.0100694 -0.0121256 -0.0115720 -0.0117071 -0.0151989 -0.0123485 -0.0133791
-0.0066880 -0.1401676 -0.1390667 -0.1387529 -0.1385747 -0.0094724 -0.0087412 -0.0133878 -0.0113161 -0.0098506 -0.0126771 -0.0109071 -0.0107873 -0.0104464 -0.0076181 -0.0053266 -0.0067007 -0.0083321 -0.0086328 -0.0084944 -0.0091218 -0.0084767 -0.0119184 -0.0110615 0.0225494 0.0057382 0.0216210 0.0104923 0.0144943 0.0218501 0.0226295 -0.0085209 0.0264085 0.0241571 0.0286300 -0.0047182 -0.0075550 -0.0066631 -0.0080368 -0.0102919 -0.0095578 -0.0098289 -0.0054644 -0.0080440 -0.0060585 -0.0042882 0.0102678 0.0129916 0.9627175 0.0261018 -0.0099636 0.0213688 0.0290389 0.0197610 0.0147899 0.0138166 -0.0081181 -0.0087747 -0.0110069 -0.0092942 -0.0186713 -0.0152696 -0.0112813 -0.0148493 -0.0161636 -0.0147500
0.0001217 -0.1446505 -0.1394210 -0.1402345 -0.1405173 -0.0083954 -0.0115724 -0.0171481 -0.0133236 -0.0154065 -0.0150033 -0.0135026 -0.0151710 -0.0138687 0.0013602 -0.0018118 -0.0055692 -0.0116051 -0.0115076 -0.0045358 -0.0034312 -0.0128913 -0.0066259 -0.0124803 0.0163960 0.0033843 0.0212096 0.0056987 0.0111251 0.0147477 0.0223913 -0.0082747 0.0152301 0.0176704 0.0226771 -0.0070521 -0.0054342 -0.0051549 -0.0080009 -0.0110894 -0.0102122 -0.0143672 -0.0014788 -0.0070842 -0.0040309 -0.0070595 0.0105901 0.0118788 0.0261018 0.9871111 -0.0047601 0.0215761 0.0195676 0.0245943 0.0141023 0.0121903 -0.0059525 -0.0093927 -0.0128405 -0.0084790 -0.0152314 -0.0137469 -0.0107839 -0.0194396 -0.0127511 -0.0130359
-0.0083808 -0.0874312 -0.0830031 -0.0832771 -0.0823483 -0.0170255 -0.0174398 0.0406052 0.0342918 0.0353839 0.0379032 0.0403687 0.0374987 0.0374887 -0.0075431 -0.0118730 -0.0119405 -0.0124995 -0.0129817 -0.0093808 -0.0103316 -0.0152817 -0.0133946 -0.0156400 -0.0113515 -0.0110843 -0.0193813 -0.0133284 -0.0092392 -0.0104723 -0.0130514 -0.0016313 -0.0166450 -0.0131891 -0.0103375 -0.0106345 -0.0135224 -0.0120863 -0.0127375 -0.0130853 -0.0102813 -0.0151593 -0.0087381 -0.0109556 -0.0135147 -0.0148792 -0.0117730 -0.0132178 -0.0099636 -0.0047601 1.0019548 -0.0118453 -0.0146813 -0.0119461 -0.0136041 -0.0099591 -0.0099900 -0.0032474 -0.0017799 -0.0087704 -0.0028783 -0.0001247 0.0068529 0.0011111 0.0066304 0.0047416
-0.0073890 -0.1154601 -0.1144181 -0.1147280 -0.1144854 -0.0106296 -0.0051655 -0.0136986 -0.0132777 -0.0154948 -0.0139454 -0.0127815 -0.0154107 -0.0150694 -0.0108044 -0.0081630 -0.0067583 -0.0075832 -0.0089582 -0.0110131 -0.0162487 -0.0078006 -0.0133601 -0.0153106 0.0187122 0.0065210 0.0204171 0.0113969 0.0141116 0.0177771 0.0201809 -0.0068667 0.0262745 0.0204631 0.0215314 -0.0065392 -0.0056266 -0.0091120 -0.0078240 -0.0073877 -0.0109702 -0.0086667 -0.0074793 -0.0109230 -0.0071346 -0.0030274 0.0095971 0.0081662 0.0213688 0.0215761 -0.0118453 0.9528191 0.0254158 0.0247692 0.0089666 0.0099612 -0.0081000 -0.0078572 -0.0114563 -0.0134192 -0.0185302 -0.0162472 -0.0143065 -0.0169736 -0.0175902 -0.0175889
-0.0108391 -0.1390401 -0.1411371 -0.1403048 -0.1400608 -0.0064556 -0.0056282 -0.0152598 -0.0115172 -0.0122551 -0.0125983 -0.0129973 -0.0118920 -0.0131148 -0.0116759 -0.0077257 -0.0050230 -0.0074038 -0.0032306 -0.0136016 -0.0168398 -0.0034956 -0.0113814 -0.0130598 0.0234839 0.0076090 0.0280417 0.0113274 0.0166085 0.0241128 0.0233203 -0.0052445 0.0266352 0.0213072 0.0332332 -0.0068648 -0.0086593 -0.0044612 -0.0047489 -0.0081792 -0.0065483 -0.0076909 -0.0067546 -0.0063597 -0.0057098 -0.0059029 0.0108161 0.0094074 0.0290389 0.0195676 -0.0146813 0.0254158 0.9539675 0.0303582 0.0141695 0.0123345 -0.0064179 -0.0067927 -0.0117207 -0.0113133 -0.0198352 -0.0167398 -0.0160713 -0.0151589 -0.0159134 -0.0162964
-0.0102238 -0.1208531 -0.1215755 -0.1214247 -0.1203727 -0.0091267 -0.0048351 -0.0143108 -0.0108046 -0.0117450 -0.0121539 -0.0116420 -0.0123031 -0.0113450 -0.0097572 -0.0088815 -0.0074825 -0.0064426 -0.0057565 -0.0141277 -0.0171321 -0.0077457 -0.0108523 -0.0155746 0.0255424 0.0091423 0.0251530 0.0129254 0.0209735 0.0217088 0.0223387 -0.0059420 0.0220311 0.0224111 0.0250141 -0.0058061 -0.0101159 -0.0088311 -0.0066816 -0.0083522 -0.0094458 -0.0137110 -0.0065996 -0.0084759 -0.0053031 -0.0036864 0.0051141 0.0067372 0.0197610 0.0245943 -0.0119461 0.0247692 0.0303582 0.9504877 0.0069563 0.0122069 -0.0082868 -0.0087948 -0.0115100 -0.0132315 -0.0174832 -0.0164886 -0.0127317 -0.0160866 -0.0169666 -0.0182797
0.0014852 -0.1537164 -0.1534396 -0.1528940 -0.1528943 -0.0028504 -0.0013485 -0.0156999 -0.0157134 -0.0171165 -0.0153996 -0.0149464 -0.0146229 -0.0165803 0.0020488 0.0010204 0.0029073 -0.0084025 -0.0052969 -0.0054266 -0.0039709 -0.0064028 -0.0036433 -0.0060538 0.0158366 0.0169986 0.0128173 0.0196312 0.0091872 0.0101277 0.0085424 -0.0101520 0.0101551 0.0082848 0.0112966 -0.0027791 -0.0030946 -0.0011276 -0.0069510 -0.0058839 -0.0039766 -0.0067818 0.0044954 0.0030926 -0.0011216 -0.0004003 0.0262956 0.0270650 0.0147899 0.0141023 -0.0136041 0.0089666 0.0141695 0.0069563 0.9644176 0.0235354 -0.0015042 -0.0074852 -0.0099876 -0.0068705 -0.0160805 -0.0124493 -0.0126879 -0.0131365 -0.0118248 -0.0150408
0.0029632 -0.1517461 -0.1500893 -0.1499456 -0.1505752 -0.0036646 -0.0019319 -0.0155565 -0.0139055 -0.0148906 -0.0158491 -0.0150696 -0.0124153 -0.0124208 0.0029628 0.0008966 -0.0018258 -0.0054762 -0.0078086 -0.0057253 -0.0067417 -0.0062288 -0.0054238 -0.0107540 0.0115246 0.0171218 0.0125448 0.0178608 0.0085680 0.0064021 0.0092614 -0.0101171 0.0108136 0.0119697 0.0098183 0.0029288 0.0004073 -0.0026943 -0.0078054 -0.0073330 -0.0072464 -0.0085554 0.0036680 0.0021516 -0.0033985 0.0033574 0.0225627 0.0234964 0.0138166 0.0121903 -0.0099591 0.0099612 0.0123345 0.0122069 0.0235354 0.9654214 -0.0021543 -0.0085436 -0.0110471 -0.0084297 -0.0131042 -0.0111489 -0.0121817 -0.0162098 -0.0137728 -0.0159414
